2 2
3 6
4 12
5 10
5 30
5 50
5 60
6 30
6 60
7 14
7 56
7 70
7 98
7 112
7 140
7 196
7 210
7 280
7 350
7 392
7 420
8 56
8 112
8 280
8 392
8 560
8 616
8 840
9 54
9 126
9 162
9 234
9 252
9 270
9 450
9 540
9 558
9 594
9 630
9 666
9 702
9 738
9 756
9 882
9 900
9 990
9 1026
9 1098
9 1170
9 1206
9 1260
9 1314
9 1386
9 1422
9 1494
9 1530
9 1710
9 1764
9 1818
9 1854
9 1890
9 1926
9 1962
9 1998
9 2142
9 2250
9 2268
9 2286
9 2340
9 2358
9 2430
9 2466
9 2520
10 60
10 120
10 210
10 240
10 270
10 390
10 420
10 450
10 480
10 510
10 540
10 600
10 630
10 660
10 750
10 840
10 900
10 930
10 960
10 990
10 1050
10 1170
10 1200
10 1230
10 1260
10 1320
10 1380
10 1470
10 1500
10 1530
10 1560
10 1590
10 1650
10 1680
10 1710
10 1740
10 1770
10 1890
10 1920
10 2040
10 2100
10 2190
10 2220
10 2250
10 2280
10 2310
10 2340
10 2400
10 2430
10 2490
10 2520
11 66
11 132
11 154
11 264
11 396
11 594
11 660
11 792
11 924
11 990
11 1056
11 1232
11 1320
11 1342
11 1386
11 1584
11 1650
11 1804
11 1914
11 2112
11 2134
11 2310
11 2574
11 2640
11 2772
11 2904
11 2926
11 2970
11 3102
11 3234
11 3564
11 3696
11 4004
11 4026
11 4092
11 4202
11 4290
11 4312
11 4356
11 4466
11 4488
11 4620
11 4686
11 4950
11 5280
11 5544
11 5676
11 5698
11 5742
11 5764
11 5808
11 5940
11 6138
11 6270
11 6314
11 6336
11 6534
11 6600
11 6864
11 6930
11 6974
11 6996
11 7128
11 7260
11 7326
11 7392
11 7458
11 7656
11 7722
11 7832
11 7854
11 8052
11 8118
11 8316
11 8382
11 8448
11 8558
11 8646
11 8712
11 8734
11 8778
11 9108
11 9240
11 9548
11 9636
11 9702
11 9812
11 9856
11 9900
11 10164
11 10296
11 10428
11 10560
11 10582
11 11088
11 11154
11 11242
11 11286
11 11352
11 11550
11 12012
11 12078
11 12144
11 12166
11 12232
11 12342
11 12408
11 12672
11 12870
11 12914
11 12936
11 13002
11 13035
11 13068
11 13156
11 13200
11 13222
11 13244
11 13266
11 13332
11 13398
11 13530
11 13596
11 13816
11 13860
11 13926
11 13992
11 14036
11 14190
11 14256
11 14388
11 14454
11 14498
11 14520
11 14652
11 14850
11 15180
11 15246
11 15444
11 15510
11 15576
11 15686
11 15774
11 15884
11 16104
11 16170
11 16324
11 16368
11 16412
11 16434
11 16500
11 16522
11 16632
11 16786
11 16830
11 16896
11 17094
11 17160
11 17292
11 17402
11 17424
11 17556
11 17688
11 17886
11 17974
11 18106
11 18150
11 18216
11 18326
11 18348
11 18436
11 18480
11 18546
11 18634
11 18744
11 18788
11 18810
11 18876
11 19096
11 19140
11 19294
11 19404
11 19536
11 19602
11 19668
11 19712
11 19822
11 19998
11 20130
11 20196
11 20372
11 20394
11 20416
11 20724
11 20790
11 20878
11 20988
11 21120
11 21186
11 21252
11 21582
11 21626
11 21648
11 21692
11 21714
11 21868
11 21956
11 21978
11 22176
11 22242
11 22440
11 22506
11 22572
11 22638
11 22836
11 22968
11 23100
11 23232
11 23430
11 23562
11 23628
11 23672
11 24156
11 24178
11 24288
11 24420
11 24948
11 25080
11 25146
11 25234
11 25256
11 25410
11 25476
11 25696
11 25740
11 25762
11 25872
11 25916
11 25938
11 25982
11 26202
11 26268
11 26400
11 26532
11 26642
11 26730
11 26818
11 26862
11 26928
11 27126
11 27258
11 27390
11 27456
11 27588
11 27720
12 132
12 264
12 396
12 660
12 792
12 924
12 1056
12 1320
12 1584
12 2112
12 2640
12 2772
12 2904
12 3564
12 3696
12 4092
12 4356
12 4488
12 4620
12 5280
12 5544
12 5676
12 5808
12 5940
12 6336
12 6600
12 6864
12 6996
12 7128
12 7260
12 7392
12 7656
12 8052
12 8316
12 8448
12 8712
12 9108
12 9240
12 9636
12 9900
12 10164
12 10296
12 10428
12 10560
12 11088
12 11352
12 12012
12 12144
12 12408
12 12672
12 12936
12 13068
12 13200
12 13332
12 13596
12 13860
12 13992
12 14256
12 14388
12 14520
12 14652
12 15180
12 15444
12 15576
12 16104
12 16368
12 16500
12 16632
12 16896
12 17160
12 17292
12 17424
12 17556
12 17688
12 18216
12 18348
12 18480
12 18744
12 18876
12 19140
12 19404
12 19536
12 19668
12 20196
12 20724
12 20988
12 21120
12 21252
12 21648
12 22176
12 22440
12 22572
12 22836
12 22968
12 23100
12 23232
12 23628
12 24156
12 24288
12 24420
12 24948
12 25080
12 25476
12 25740
12 25872
12 26268
12 26400
12 26532
12 26928
12 27456
12 27588
12 27720
13 130
13 650
13 702
13 1170
13 1326
13 1638
13 2145
13 2210
13 2314
13 3770
13 4186
13 4446
13 4498
13 4550
13 5330
13 5954
13 6110
13 6864
13 7462
13 7670
13 7722
13 8190
13 8996
13 9074
13 9724
13 9906
13 10296
13 10530
13 10582
13 10725
13 10790
13 12012
13 12142
13 12610
13 13052
13 13338
13 13780
13 14170
13 14274
13 14742
13 14846
13 15444
13 15522
13 15626
13 15678
13 16146
13 16588
13 16666
13 16718
13 16770
13 17030
13 17160
13 17342
13 17914
13 18772
13 18876
13 19058
13 19110
13 19890
13 19942
13 20020
13 20878
13 21450
13 21554
13 21658
13 21788
13 22880
13 23205
13 23296
13 23478
13 23530
13 24050
13 24102
13 24466
13 24518
13 24570
13 25038
13 25480
13 25740
13 26234
13 26754
13 26884
13 26910
13 26936
13 27378
13 27430
13 27456
13 27586
13 27690
13 27820
13 27950
13 28106
13 28470
13 28496
13 28938
13 29146
13 29250
13 29354
13 29510
13 30030
13 31122
13 31590
13 31850
13 31902
13 32110
13 32162
13 32214
13 32526
13 32994
13 33046
13 33930
13 34034
13 34294
13 34320
13 34762
13 35022
13 35230
13 35490
13 35750
13 36036
13 36062
13 36270
13 37076
13 37102
13 37362
13 37934
13 38948
13 40482
13 41314
13 41418
13 41678
13 41782
13 41938
13 42406
13 42510
13 42900
13 43758
13 44070
13 44226
13 44486
13 44616
13 44746
13 45318
13 45630
13 45760
13 45890
13 45942
13 46046
13 46410
13 46566
13 46670
13 47034
13 47710
13 48906
13 49322
13 49374
13 49790
13 50570
13 50830
13 51220
13 52130
13 52455
13 52546
13 52650
13 53196
13 53430
13 53482
13 53690
13 53950
13 54184
13 54782
13 55406
13 55770
13 56238
13 56654
13 56810
13 57122
13 57330
13 58344
13 58474
13 58786
13 58916
13 59514
13 59670
13 60034
13 60060
13 61074
13 61386
13 61490
13 61776
13 62010
13 62205
13 62270
13 62660
13 62738
13 62790
13 62920
13 63050
13 63492
13 63674
13 64090
13 64506
13 64610
13 64818
13 64870
13 65780
13 65806
13 67106
13 68042
13 68146
13 68250
13 68354
13 68510
13 68536
13 68640
13 69030
13 69290
13 69446
13 69810
13 69966
13 70330
13 70902
13 71630
13 72072
13 72410
13 72670
13 72930
13 73710
13 73788
13 73918
13 74074
13 75010
13 75530
13 75946
13 76050
13 76310
13 76466
13 76570
13 76674
13 76830
13 77194
13 77870
13 78390
13 78494
13 78858
13 79170
13 79300
13 79365
13 79430
13 79924
13 80262
13 80314
13 81510
13 81614
13 81770
13 82082
13 82368
13 82420
13 82602
13 84084
13 84162
13 84370
13 84474
13 84526
13 84942
13 85306
13 85410
13 85800
13 86086
13 86216
13 86502
13 86996
13 87165
13 87230
13 87334
13 87516
13 88010
13 88556
13 88998
13 89414
13 89674
13 90090
13 90350
13 90454
13 90558
13 91000
13 91078
13 91494
13 92274
13 92430
13 93366
13 93496
13 93860
13 93990
13 94250
13 94276
13 95290
13 95654
13 95706
13 96096
13 96174
13 96330
13 96382
13 96642
13 97422
13 97812
13 98150
13 98410
13 98514
13 98878
13 98982
13 99450
13 99528
13 100100
13 100646
13 100750
13 100854
13 101270
13 101296
13 101920
13 102570
13 103090
13 103376
13 103454
13 103714
13 104130
13 104910
13 105378
13 105534
13 105560
13 106002
13 106054
13 106392
13 106470
13 106574
13 106730
13 107250
13 108108
13 108134
13 108394
13 108810
13 109434
13 109694
13 109746
13 110942
13 111098
13 111150
13 111540
13 112086
13 112970
13 113594
13 114010
13 114140
13 114322
13 114972
13 115050
13 115635
13 115986
13 116662
13 116688
13 116740
13 117130
13 118690
13 118898
13 119002
13 119106
13 119548
13 119626
13 119990
13 120120
13 120536
13 121420
13 121654
13 121966
13 122044
13 122122
13 122382
13 122798
13 122850
13 123032
13 123552
13 123604
13 123890
13 124202
13 124566
13 125190
13 125268
13 125840
13 126126
13 126230
13 126256
13 126542
13 126594
13 126984
13 127036
13 127530
13 127660
13 127790
13 127998
13 128310
13 128986
13 129350
13 129402
13 129766
13 129818
13 129870
13 130026
13 130338
13 130390
13 130416
13 130702
13 130845
13 130910
13 131456
13 131482
13 131742
13 132132
13 132210
13 132626
13 132990
13 133458
13 133848
13 133900
13 134342
13 134550
13 135486
13 135642
13 136006
13 136058
13 136370
13 136422
13 136474
13 136734
13 136786
13 137020
13 137280
13 138255
13 138710
13 138996
13 139230
13 139490
13 139698
13 139984
13 140036
13 140712
13 140790
13 140894
13 142506
13 143546
13 143598
13 143910
13 144144
13 144222
13 144378
13 144742
13 145574
13 145730
13 145782
13 145860
13 146042
13 146510
13 146874
13 146926
13 147186
13 147290
13 147550
13 147602
13 147810
13 148590
13 149526
13 149630
13 149786
13 149994
13 150150
13 151008
13 151190
13 151450
13 151502
13 151866
13 151970
13 152542
13 152750
13 152776
13 153270
13 153868
13 154180
13 155090
13 155142
13 155350
13 156078
13 156156
13 156520
13 156650
13 157534
13 157950
13 158522
13 159588
13 159926
13 160342
13 160550
13 160654
13 161746
13 162162
13 162526
13 162916
13 162994
13 163020
13 163540
13 163566
13 164034
13 164060
13 164450
13 164502
13 164970
13 165880
13 166062
13 166218
13 166452
13 166530
13 166894
13 167050
13 168142
13 168298
13 168454
13 168740
13 168766
13 169494
13 169884
13 170482
13 170638
13 171028
13 171080
13 171470
13 171496
13 171600
13 172406
13 172770
13 172796
13 172874
13 173316
13 173550
13 173862
13 174304
13 175032
13 175370
13 175734
13 175890
13 175994
13 176046
13 176176
13 176228
13 176358
13 176748
13 176774
13 177606
13 177866
13 177970
13 178282
13 178360
13 178464
13 178490
13 178516
13 179478
13 179530
13 179634
13 180050
13 180180
13 180206
13 180362
13 180830
13 181350
13 181506
13 181766
13 181896
13 182260
13 182325
13 182390
13 182910
13 183274
13 183612
13 183742
13 184340
13 185380
13 185458
13 185510
13 185588
13 185614
13 186030
13 186134
13 186290
13 187044
13 187096
13 187330
13 187850
13 188266
13 188318
13 188370
13 188500
13 188760
13 189176
13 189722
13 190034
13 190086
13 190125
13 190476
13 190710
13 191594
13 192192
13 192244
13 192270
13 193388
13 193518
13 193908
13 194194
13 194480
13 194506
13 194714
13 195026
13 195624
13 195702
13 195858
13 195910
13 196690
13 196950
13 197210
13 197925
13 198146
13 198250
13 198874
13 198952
13 199290
13 200798
13 200902
13 201006
13 201370
13 201942
13 202488
13 202670
13 202774
13 202995
13 203658
13 204100
13 204204
13 204230
13 204750
13 205478
13 206206
13 206934
13 207090
13 207636
13 207740
13 207870
13 208702
13 209014
13 209118
13 209534
13 210210
13 210314
13 210366
13 210964
13 211042
13 211120
13 211250
13 211302
13 212082
13 212108
13 212186
13 212394
13 212784
13 212966
13 213226
13 213278
13 213590
13 213642
13 214110
13 214942
13 215202
13 215514
13 215670
13 215930
13 216034
13 216216
13 216346
13 216450
13 216710
13 216814
13 217100
13 217490
13 217542
13 218114
13 218218
13 218582
13 219206
13 219856
13 220090
13 220194
13 220922
13 221130
13 221598
13 221962
13 222040
13 222690
13 223080
13 224146
13 224250
13 224406
13 224666
13 225498
13 225680
13 225810
13 226070
13 226226
13 226590
13 226746
13 226850
13 227370
13 228254
13 228670
13 228722
13 228800
13 229086
13 229190
13 229554
13 229996
13 230022
13 230490
13 230958
13 231556
13 231660
13 232310
13 232414
13 232830
13 232960
13 233090
13 233194
13 233298
13 233350
13 233610
13 233948
13 234754
13 235092
13 235430
13 235508
13 235820
13 235950
13 236210
13 236418
13 236860
13 237042
13 237874
13 238810
13 238966
13 239330
13 239694
13 239746
13 239850
13 239980
13 240240
13 240786
13 241306
13 241566
13 241670
13 241956
13 241982
13 242190
13 242294
13 242450
13 242658
13 243386
13 243490
13 243854
13 244010
13 244062
13 244582
13 244686
13 244998
13 245050
13 245388
13 245882
13 245960
13 246402
13 246870
13 248248
13 248430
13 248690
13 249678
13 249730
13 249990
13 250016
13 250146
13 250536
13 250614
13 250796
13 250822
13 251342
13 251680
13 251810
13 251914
13 252252
13 252278
13 252486
13 252590
13 252954
13 253422
13 253630
13 253682
13 253890
13 253968
13 254475
13 254930
13 255034
13 255736
13 256854
13 257010
13 257985
13 258050
13 258375
13 258440
13 258570
13 258622
13 259038
13 259116
13 259350
13 259545
13 259610
13 259714
13 259974
13 260312
13 260442
13 260494
13 260832
13 261170
13 261690
13 261846
13 261950
13 262522
13 262548
13 262678
13 262730
13 263250
13 263978
13 264342
13 264550
13 264706
13 264836
13 265590
13 265720
13 265850
13 265980
13 266266
13 266396
13 266526
13 266682
13 266942
13 267176
13 267254
13 267696
13 268190
13 268580
13 268710
13 268840
13 269178
13 270010
13 270270
13 270478
13 270738
13 270790
13 271128
13 271570
13 271674
13 272454
13 274430
13 274560
13 274950
13 275054
13 275262
13 275470
13 275678
13 275730
13 275860
13 275886
13 276484
13 276510
13 276822
13 277602
13 277862
13 277992
13 278122
13 278226
13 278694
13 279630
13 279890
13 280670
13 280930
13 281034
13 281450
13 281502
13 281866
13 281970
13 282698
13 282750
13 282945
13 283140
13 283556
13 283790
13 283894
13 284154
13 284310
13 284336
13 284778
13 284856
13 285350
13 285558
13 286182
13 286650
13 286754
13 287300
13 287404
13 287430
13 287534
13 287638
13 287690
13 288288
13 289406
13 289874
13 290056
13 290394
13 290706
13 290836
13 290862
13 291330
13 291460
13 291720
13 292214
13 292695
13 293150
13 293566
13 293722
13 293774
13 294138
13 294398
13 295230
13 295282
13 295334
13 296166
13 296426
13 296868
13 296894
13 297310
13 297882
13 298142
13 298350
13 298480
13 299182
13 299546
13 299650
13 299780
13 299858
13 300300
13 302094
13 302978
13 303030
13 303160
13 303732
13 303914
13 303966
13 304018
13 304070
13 304746
13 304902
13 305370
13 305630
13 306306
13 306774
13 307190
13 307658
13 307710
13 308490
13 308620
13 309309
13 309530
13 309582
13 310050
13 310206
13 310310
13 310466
13 310518
13 310596
13 310726
13 311025
13 311402
13 311493
13 311922
13 312312
13 312390
13 313170
13 313586
13 314002
13 314028
13 314262
13 315250
13 315302
13 315770
13 315822
13 316186
13 316550
13 316914
13 318526
13 318890
13 318942
13 319176
13 319410
13 319592
13 319605
13 319774
13 320450
13 320606
13 320970
13 321230
13 322270
13 322322
13 322608
13 322660
13 322894
13 323102
13 323258
13 323505
13 323778
13 324142
13 324324
13 324402
13 324454
13 324558
13 324922
13 325026
13 325468
13 325546
13 325910
13 325936
13 326040
13 326742
13 327054
13 327366
13 327730
13 327756
13 327782
13 327990
13 328302
13 329810
13 330174
13 330330
13 330902
13 331188
13 331240
13 332046
13 332202
13 332904
13 333346
13 333710
13 334230
13 334425
13 334880
13 335270
13 335530
13 335764
13 336206
13 336258
13 336336
13 336362
13 336596
13 336830
13 337090
13 337714
13 338104
13 338130
13 338338
13 338390
13 338702
13 338780
13 339066
13 339768
13 339976
13 340470
13 340730
13 341198
13 341406
13 341770
13 341926
13 342160
13 342290
13 342342
13 343070
13 343200
13 343850
13 344630
13 345150
13 345800
13 346190
13 346242
13 346632
13 346710
13 346814
13 348322
13 348374
13 348894
13 348920
13 349154
13 349674
13 350064
13 350246
13 350402
13 350662
13 350896
13 351026
13 351650
13 351780
13 352170
13 352690
13 352950
13 352976
13 353080
13 353730
13 354510
13 354640
13 354874
13 355212
13 355446
13 355550
13 355914
13 356044
13 356226
13 356538
13 356928
13 357110
13 357786
13 357890
13 358670
13 358722
13 359086
13 359190
13 359606
13 359814
13 360360
14 1638
14 4186
14 4550
14 7462
14 8190
14 12012
14 14742
14 19110
14 20020
14 21658
14 23296
14 23478
14 24570
14 25480
14 26754
14 26936
14 28938
14 30030
14 31122
14 31850
14 32214
14 34034
14 34762
14 35490
14 36036
14 38948
14 41314
14 41678
14 42406
14 44226
14 45318
14 46046
14 46410
14 49322
14 53690
14 54782
14 56238
14 57330
14 58786
14 59514
14 60060
14 62790
14 64610
14 68250
14 72072
14 73710
14 74074
14 75530
14 79170
14 80262
14 82082
14 84084
14 86086
14 86996
14 88998
14 90090
14 90454
14 91000
14 92274
14 93366
14 94276
14 96096
14 96642
14 100100
14 100646
14 101920
14 103376
14 105378
14 105560
14 106470
14 108108
14 109746
14 116662
14 120120
14 122122
14 122850
14 123032
14 126126
14 127036
14 128310
14 129402
14 129766
14 132132
14 139230
14 142506
14 143598
14 144144
14 145782
14 146510
14 146874
14 147602
14 149786
14 150150
14 151970
14 156156
14 156520
14 158522
14 160342
14 162162
14 162526
14 166530
14 166894
14 171080
14 175994
14 176176
14 176358
14 178360
14 179634
14 180180
14 180362
14 182910
14 183274
14 185458
14 187096
14 188370
14 192192
14 194194
14 199290
14 203658
14 204204
14 204750
14 205478
14 206206
14 206934
14 209118
14 210210
14 211120
14 211302
14 212394
14 214942
14 215670
14 216034
14 216216
14 217490
14 218218
14 218582
14 219856
14 221130
14 222040
14 224406
14 225498
14 225680
14 226226
14 226590
14 230958
14 232414
14 232960
14 235508
14 236418
14 237874
14 238966
14 239330
14 239694
14 240240
14 240786
14 244062
14 245882
14 248248
14 248430
14 250614
14 250796
14 251342
14 252252
14 253890
14 258440
14 258622
14 259350
14 259714
14 260442
14 261170
14 265720
14 266266
14 267176
14 269178
14 270270
14 272454
14 275730
14 276822
14 283556
14 285558
14 286650
14 288288
14 290836
14 293566
14 298480
14 300300
14 303030
14 306306
14 308490
14 309582
14 310310
14 311402
14 312312
14 313586
14 315770
14 319410
14 319592
14 319774
14 321230
14 322322
14 323778
14 324142
14 324324
14 327054
14 327782
14 330330
14 331240
14 334880
14 336336
14 338338
14 338702
14 339066
14 339976
14 342160
14 342342
14 343070
14 345800
14 346710
14 348894
14 350896
14 352170
14 353080
14 355446
14 356538
14 358722
14 359086
14 359814
14 360360
