100
      1     791    55449204481
      2     752    52680294142
      3     952    66879834342
      4     452    31380983842
      5     866    60774032056
      6     978    68725774568
      7     935    65672873425
      8     178    11927613768
      9     724    50692358514
     10     387    26766133277
     11     773    54171245863
     12     367    25346179257
     13      85     5324827575
     14     227    15406501117
     15     551    38409756241
     16     929    65246887219
     17     829    58147117119
     18     704    49272404494
     19     822    57650133212
     20     144     9513691934
     21     835    58573103325
     22     497    34575880387
     23     247    16826455137
     24     137     9016708027
     25     820    57508137810
     26     309    21228312599
     27     896    62903963086
     28     440    30529011430
     29     316    21725296506
     30     369    25488174659
     31     856    60064055046
     32    1010    70997701000
     33     717    50195374607
     34      40     2129931030
     35     628    43876579218
     36     248    16897452838
     37     689    48207438979
     38     396    27405112586
     39     218    14767521808
     40     679    47497461969
     41      61     3620882751
     42     763    53461268853
     43     963    67660809053
     44      69     4188864359
     45     748    52396303338
     46     150     9939678140
     47    1010    70997701000
     48     606    42314629796
     49     692    48420432082
     50      67     4046868957
     51     980    68867769970
     52     580    40468689570
     53     834    58502105624
     54     394    27263117184
     55     667    46645489557
     56     757    53035282647
     57     325    22364275815
     58     596    41604652786
     59     507    35285857397
     60      38     1987935628
     61     929    65246887219
     62     871    61129020561
     63     687    48065443577
     64     966    67873802156
     65     795    55733195285
     66     534    37202795324
     67     345    23784229835
     68     485    33723907975
     69     316    21725296506
     70     349    24068220639
     71     525    36563816015
     72     363    25062188453
     73     108     6957774698
     74     795    55733195285
     75     624    43592588414
     76     493    34291889583
     77     212    14341535602
     78     968    68015797558
     79     690    48278436680
     80     857    60135052747
     81     863    60561038953
     82     878    61626004468
     83     573    39971705663
     84     139     9158703429
     85     958    67305820548
     86      59     3478887349
     87     169    11288634459
     88     313    21512303403
     89     135     8874712625
     90     388    26837130978
     91     166    11075641356
     92     321    22080285011
     93     481    33439917171
     94     846    59354078036
     95     925    64962896415
     96     194    13063576984
     97     991    69648744681
     98     422    29251052812
     99     212    14341535602
    100     447    31025995337
26996