1000
    1  2487  2781
    2  4602  4942
    3  3550  3856
    4   893   925
    5  3168  2714
    6  3446  3763
    7   416    75
    8  1377  1541
    9  2099  1819
   10  4584  4812
   11  1129   825
   12  2085  2237
   13  1448  1810
   14  2840  2886
   15  3583  3306
   16  2902  2846
   17   679   707
   18  4443  4618
   19  1605  1679
   20  4687  4208
   21     1    51
   22  1997  1953
   23  2294  2738
   24  5009  5000
   25  2274  2682
   26  2959  2970
   27   355   824
   28  1661  1657
   29  1198  1315
   30  3651  3497
   31  2422  2919
   32  4608  4677
   33  3359  3785
   34  3818  3335
   35  2673  2306
   36  1060  1515
   37  2820  3098
   38  2652  2614
   39  2869  3202
   40   497   680
   41  2841  2853
   42  5062  4563
   43   742   948
   44  4210  4159
   45   999  1125
   46   787  1156
   47  3729  3471
   48  2994  2915
   49  1927  1981
   50  3538  3202
   51  3307  3468
   52  4135  4634
   53  1112   947
   54  4133  4182
   55  4225  4246
   56     1   121
   57  1453  1279
   58  2002  2380
   59  1527  1306
   60  1792  1468
   61  2727  2610
   62  4043  3884
   63   662   277
   64   797   524
   65  1240   833
   66   878   718
   67     1   258
   68  3221  3000
   69  1457  1714
   70  1365   955
   71  3352  3075
   72  1219  1279
   73  2494  2804
   74   761   601
   75  3000  3413
   76  1848  2242
   77  1777  1648
   78  4421  4845
   79  4007  3918
   80  3633  3484
   81  2492  2139
   82  4123  4503
   83  2032  1936
   84  3720  3491
   85  3902  4179
   86  3833  4115
   87  3116  2781
   88  4427  4806
   89  1280  1096
   90  4037  4165
   91   928  1402
   92  1751  1790
   93  2130  2242
   94  4443  4057
   95   701   798
   96  3735  3471
   97   105   559
   98  1580  1954
   99  2848  2850
  100   716   390
  101   542   979
  102  4535  4650
  103  1216  1080
  104  2297  2690
  105  3152  2863
  106  3585  3220
  107  2305  2797
  108  4327  4788
  109  4564  4604
  110   353   135
  111  1065   816
  112  1417  1209
  113     1    23
  114  4266  4227
  115  2917  2603
  116  4765  4428
  117  3407  3469
  118   256   643
  119  2520  2063
  120  2611  2606
  121  4407  4445
  122  1942  2010
  123  1166  1457
  124  3161  2912
  125  4028  4499
  126     1   288
  127  4187  4633
  128  3138  3525
  129  3304  3728
  130  1875  2317
  131  3264  2863
  132  4938  4875
  133  3306  3156
  134  3110  3586
  135  1519  1582
  136  2872  3160
  137   935  1383
  138  2591  2604
  139  2853  3075
  140  1059  1046
  141  3811  3361
  142  2237  2002
  143  4000  3741
  144   165   593
  145  1459  1647
  146  2478  2772
  147  3102  2676
  148  4747  4757
  149  1076   710
  150  3566  3108
  151  3811  3531
  152  5092  4946
  153  3032  2951
  154  4639  4518
  155  1756  1719
  156   460     2
  157  4089  3980
  158   893  1289
  159  2447  2159
  160  1989  2487
  161  3506  3103
  162     1   332
  163  1152  1108
  164  3661  3735
  165   986  1231
  166  1263   876
  167  3209  3384
  168  4393  4417
  169  3105  3603
  170  4480  4867
  171  3223  3352
  172  4609  4791
  173  4960  4742
  174  1800  1647
  175  3965  3596
  176  2640  2636
  177  2599  2700
  178  1752  1491
  179  1202  1316
  180  1326  1061
  181  3020  3393
  182  1372   998
  183  3280  3234
  184   686  1106
  185  4452  4206
  186   372   247
  187  1946  2140
  188  1068   699
  189  1893  1581
  190  1913  1707
  191     1    16
  192   788   764
  193  3655  3842
  194  2952  2578
  195  2624  2783
  196   221    83
  197  2577  2225
  198  1737  2039
  199   902   564
  200  4442  4847
  201  1072  1028
  202  1132  1454
  203  4401  4516
  204  1962  1496
  205  5046  4868
  206   521   982
  207    31   526
  208  2400  2371
  209  3927  4037
  210  3635  3303
  211  1801  2234
  212  3223  2933
  213  3644  3292
  214  4736  4722
  215  4136  4291
  216  2360  2845
  217  2865  2618
  218  1155   717
  219  1595  1239
  220  1570  1388
  221  4938  4599
  222   569   230
  223  1229   811
  224  2034  2477
  225  3437  3129
  226   240    37
  227  1628  1425
  228  2872  2447
  229  4223  4501
  230  3255  2884
  231  2296  1859
  232  3639  3208
  233   436    82
  234  4621  4568
  235  4153  3879
  236  2265  2601
  237  1608  1443
  238  1920  1927
  239   451   754
  240  4499  4830
  241  3297  3403
  242  2269  2361
  243  3069  2591
  244  2220  2253
  245  2285  2592
  246  4877  4784
  247  2587  2847
  248  1251   851
  249   750   562
  250   890   650
  251  1272   864
  252  1416  1828
  253  1962  2146
  254  2881  3171
  255  2474  2321
  256  3344  3242
  257  1191   966
  258  4035  3998
  259  3472  3041
  260  4350  4002
  261   240   137
  262  4503  4715
  263  2414  2484
  264  3186  2948
  265  2792  2389
  266  3577  3119
  267  3816  4032
  268  4607  4641
  269  1464  1706
  270  3706  3297
  271  4279  3833
  272  2468  2445
  273  1954  1933
  274  4440  3976
  275  1918  2147
  276  2764  2308
  277   994   668
  278  2900  3136
  279  2056  1926
  280  1105  1038
  281     1   166
  282  1103  1588
  283  4710  4441
  284  1594  1604
  285  2663  2278
  286  3914  4018
  287  4038  4041
  288  2843  3018
  289  2406  2670
  290  4770  4276
  291  2579  2344
  292  3666  3533
  293  2013  2078
  294  4517  4419
  295  1948  2024
  296  1211  1140
  297  4895  4996
  298  2268  2260
  299  3257  3007
  300  3892  3881
  301   876   698
  302  1013  1108
  303  4944  4635
  304  4404  4863
  305  1089  1173
  306  1748  1301
  307     1   485
  308   475   659
  309  4188  4545
  310  2358  2777
  311  2921  2823
  312  2696  2884
  313   357   632
  314  1296  1555
  315  2503  2463
  316  2781  3260
  317  1101  1346
  318  1624  1875
  319   689   196
  320   549   990
  321  4271  4484
  322  1964  2424
  323  2254  1901
  324  2347  2008
  325  2650  2899
  326  1941  2269
  327  2994  3351
  328  2916  3024
  329  4444  4215
  330  2466  2534
  331  3468  3517
  332  5122  4969
  333  1854  2330
  334  4884  4482
  335   802   559
  336  3388  3677
  337  1917  2048
  338  2804  3240
  339  3028  2950
  340   903  1185
  341  2877  2471
  342   925   764
  343  4632  4195
  344  3345  3318
  345   504   726
  346  4380  4216
  347   434   829
  348  4710  4355
  349  1139   767
  350  4415  4101
  351  3237  2986
  352   197    62
  353   246   158
  354  2769  2386
  355  2473  2602
  356  3181  3618
  357     1   313
  358  3126  2833
  359  1217  1072
  360  1708  2120
  361  3617  3671
  362   184   526
  363  3579  3354
  364  4356  3992
  365   881   531
  366  3484  3969
  367  4446  4238
  368   887  1214
  369  2750  2729
  370  3148  3168
  371  4029  3837
  372  1565  1103
  373     1    85
  374   963   520
  375  1660  1522
  376  1565  2003
  377  5011  4992
  378  3430  3131
  379  4492  4305
  380  2896  3050
  381  4233  4556
  382  2759  2569
  383  1818  1674
  384  1109   737
  385  1290   949
  386  4179  4105
  387  4058  4229
  388  1204  1068
  389   943  1431
  390  3057  3246
  391  4716  4244
  392  3662  3851
  393  3029  3180
  394  1287  1572
  395  3187  2806
  396  3544  3703
  397  4113  3701
  398  4165  4497
  399   313    48
  400  3217  3147
  401  1173  1230
  402  1518  2015
  403  2392  2667
  404  2467  2317
  405  5237  4740
  406  4258  4686
  407   714   315
  408  3981  4340
  409  1981  1568
  410  4590  4180
  411  4407  4900
  412  1068  1297
  413   784   626
  414  1271  1134
  415   841  1237
  416  4148  3704
  417  1304  1592
  418  1750  1630
  419  3597  3214
  420  1067  1349
  421  3231  3567
  422  1990  1636
  423  4270  4107
  424  3212  3665
  425   739   638
  426   521   559
  427  2894  3208
  428  2712  2757
  429  5235  4760
  430  2728  2731
  431  2013  2348
  432   480   555
  433  2384  2399
  434  3820  4250
  435   321   648
  436  1921  2378
  437  3517  3243
  438  4355  4077
  439  2002  1743
  440  3566  3128
  441  1942  1627
  442  2500  2586
  443   336   733
  444  3111  3279
  445  1406  1065
  446   251   453
  447  3967  4002
  448  1272   986
  449  2015  1552
  450  4871  4496
  451  4738  4406
  452  3642  3759
  453  2163  2534
  454  4210  4509
  455  3430  3364
  456  4413  4124
  457  1699  1340
  458   741  1176
  459  2225  1913
  460  3305  3091
  461  1119  1267
  462  5080  4631
  463     1   307
  464     1   304
  465  2111  1686
  466  1513  1939
  467  1171  1356
  468  1403  1879
  469     7   372
  470  1008  1295
  471  1226  1590
  472  3907  4032
  473   589   292
  474  1097  1549
  475  1104  1141
  476  1940  1533
  477  3627  3800
  478  4237  4150
  479     1   194
  480  3129  3472
  481   890   773
  482  1802  1760
  483  3503  3749
  484  1250  1351
  485  4363  4343
  486  4305  4135
  487  5301  4888
  488  4338  3986
  489  3691  3871
  490  3324  3606
  491  2159  2000
  492  4781  4657
  493  4685  4902
  494  1030  1205
  495  1962  2036
  496  3746  3784
  497  1188  1145
  498  2491  2490
  499   997  1422
  500  2549  2844
  501   676   372
  502  2078  1882
  503  4127  3711
  504  1155  1644
  505   600  1033
  506   641   407
  507  4124  3908
  508  1248  1722
  509  5295  4864
  510   104   424
  511   951  1005
  512  1445  1274
  513   101   566
  514  2901  2694
  515   655   882
  516  2012  2064
  517  1147  1496
  518   919  1283
  519  1895  1582
  520  1857  1867
  521  3500  3262
  522   954  1082
  523  2984  2974
  524  1746  2182
  525  3067  3554
  526  4961  4548
  527  3401  3696
  528   370    99
  529   755   392
  530  1995  2271
  531  4824  4374
  532  3579  3736
  533  4906  4462
  534  5143  4982
  535    37   258
  536  3252  3611
  537  2499  2451
  538  4798  4518
  539  4351  4145
  540  2096  1711
  541   602   697
  542   912  1356
  543  4114  4434
  544  1889  2231
  545  4683  4516
  546  4378  3913
  547  3679  3430
  548  2468  2472
  549  4192  3810
  550  2336  2608
  551  3479  3815
  552  2347  1889
  553  3414  3738
  554  2496  2932
  555   616   507
  556  1437  1011
  557  1449  1615
  558   956   676
  559  3173  2887
  560   514   530
  561  4311  4796
  562  3442  2977
  563  3163  3006
  564  3249  3124
  565  1558  1088
  566  2490  2060
  567  4927  4513
  568   736   654
  569   807   753
  570  4024  4514
  571  2988  3421
  572  3093  2852
  573  4193  4578
  574  4087  3961
  575  4522  4730
  576  3815  3448
  577  4765  4662
  578  3135  2714
  579  1259  1441
  580  2129  2471
  581  4124  3852
  582  4851  4607
  583  3402  3307
  584  2876  3257
  585  1863  1803
  586   523   244
  587  1189  1118
  588   652   695
  589  4060  3597
  590  3864  3431
  591  4906  4512
  592  3947  3725
  593  1133   693
  594     1   185
  595  4570  4699
  596  4461  4935
  597    48   538
  598   437   748
  599   167   538
  600  2315  2365
  601  4860  4516
  602  4109  4116
  603  1570  1608
  604  1162  1569
  605  4076  4396
  606  4877  4809
  607  2673  3157
  608  3015  3109
  609  1967  1941
  610  5106  4977
  611   221   106
  612  4138  4375
  613  2359  2719
  614  4284  4503
  615  2008  2297
  616  1174  1534
  617   686   968
  618  1991  1753
  619   685   768
  620  3022  2620
  621  1460  1107
  622   955   731
  623  1102   972
  624  2061  2259
  625  1102  1339
  626   698   238
  627  2885  2640
  628  2690  2730
  629  2209  1854
  630  3954  3485
  631  4491  4861
  632  2520  2335
  633  3808  3907
  634  1302  1596
  635  1265  1545
  636  1912  2053
  637  5122  4934
  638  1339  1209
  639   608   650
  640  2195  1701
  641  3717  4065
  642  4189  4413
  643  1323  1058
  644  1899  1645
  645  3508  3778
  646     1    25
  647  2338  2354
  648   276   558
  649  2538  2754
  650   778   819
  651  3394  3600
  652  2289  2599
  653  3150  3361
  654  2601  2808
  655  2932  2803
  656  1734  1261
  657  1854  1973
  658  1953  2201
  659  3776  3699
  660  3810  3589
  661   874   849
  662  4117  4408
  663  1946  2020
  664     1    93
  665   738   808
  666   343   642
  667  1719  2169
  668  3853  3808
  669  4172  4657
  670  4693  4420
  671  1906  2090
  672  2584  2937
  673  1727  1329
  674  4722  4543
  675  4796  4520
  676  4800  4844
  677   584   359
  678  4312  4725
  679  1381  1094
  680  2071  2546
  681  2271  1976
  682  2244  1859
  683  3751  3679
  684  1615  1179
  685  4110  4577
  686  1989  1559
  687   274   124
  688  3992  4371
  689  3382  3219
  690  4053  4146
  691  1002   605
  692  2028  1759
  693  4305  4238
  694  4584  4381
  695  3757  3652
  696  4146  4007
  697  4034  4512
  698  3858  4341
  699   793  1071
  700  1314  1811
  701  4334  4141
  702   205   640
  703   965  1189
  704  4241  4000
  705  4065  3614
  706  1079   902
  707  2392  1989
  708  5149  4738
  709  3628  3731
  710  4443  4243
  711  4416  4812
  712    35   449
  713  3823  3836
  714  2045  1649
  715   779   597
  716  2897  2854
  717  1222   905
  718  1538  1560
  719  4567  4704
  720  2438  1964
  721  3331  2895
  722     1    16
  723  4277  4693
  724  3981  3665
  725   520    99
  726  1930  2419
  727  1367  1816
  728  3519  3676
  729  1637  1838
  730  1558  1613
  731  3535  3284
  732  2383  2630
  733   552   745
  734  1143  1613
  735  1963  2330
  736  3209  3259
  737  3989  4480
  738   287   555
  739  3131  2697
  740   926   928
  741   796   697
  742  3622  3650
  743   514    29
  744  3391  2940
  745  1585  2011
  746  4294  3941
  747  1304   897
  748  1413  1552
  749  5161  4865
  750  5147  4651
  751  2271  2574
  752   868   881
  753  2258  1991
  754  4019  3852
  755  2252  2324
  756  2558  2123
  757  3451  3601
  758  3363  3171
  759  1278  1678
  760  1791  1621
  761  3647  4144
  762  3852  4060
  763   951   632
  764  3742  3889
  765  2803  2942
  766  2626  2781
  767  1982  1722
  768  1720  1986
  769  2818  3134
  770  3985  4198
  771  1789  1539
  772   605   389
  773  3172  3559
  774   454   562
  775  4433  4504
  776  5071  4914
  777  2558  2232
  778  2720  2230
  779   946   948
  780  3665  4131
  781  2664  2331
  782  1913  2095
  783  2319  2743
  784     1   329
  785  1085   923
  786  1028  1165
  787   891  1130
  788  5033  4964
  789  2460  2759
  790  2318  2716
  791  1304  1295
  792  4011  4137
  793  1857  1463
  794  4885  4879
  795  4121  3690
  796  3722  3395
  797  2105  1635
  798  2614  2701
  799  3403  3900
  800   186   596
  801  2011  1657
  802  4708  4614
  803  3160  3052
  804  5042  4738
  805   840   686
  806  2880  3357
  807  3160  3366
  808  3899  3637
  809  2353  2121
  810   618   485
  811  4401  4590
  812  4992  4789
  813  3632  3148
  814  4402  4692
  815   147   187
  816  2012  1941
  817  3552  3836
  818  3974  4173
  819   530    38
  820  3411  3453
  821  2195  1726
  822  3110  3535
  823  5304  4978
  824  1607  1473
  825  3946  4394
  826  3846  3993
  827  1513  1923
  828  1348  1116
  829  2721  2794
  830   190   384
  831     1   233
  832  1261  1586
  833  3905  3465
  834  2702  3164
  835  4265  4548
  836  4643  4903
  837  4190  4461
  838     1   337
  839  1724  1927
  840  2193  2546
  841  1970  1918
  842  2631  2673
  843  5107  4638
  844  3920  3918
  845   776   671
  846  3418  3468
  847   802   585
  848  4201  3965
  849  2922  2890
  850  2861  2481
  851   129   249
  852  3165  3213
  853  4814  4966
  854  4607  4908
  855  1014   816
  856  3143  3637
  857  2708  3154
  858  2926  3416
  859  2551  2619
  860  4320  4094
  861   846   928
  862   544   596
  863  4283  4193
  864  3756  3843
  865  3796  3509
  866   965  1160
  867   787   770
  868  3229  3331
  869   203   197
  870  1611  1334
  871  4807  4570
  872  4157  4116
  873  1592  1833
  874  4101  3875
  875  3868  4333
  876  2525  2063
  877  3265  3330
  878  2710  2325
  879   600   866
  880   844   873
  881  4384  4748
  882  2618  2652
  883  1038  1243
  884  2468  2181
  885  2981  3134
  886  4119  4530
  887  4230  4065
  888  3192  3532
  889   103    47
  890  3986  3821
  891  4493  4913
  892  3752  3463
  893  4113  3624
  894  4616  4338
  895  2466  2011
  896  4174  4537
  897  1803  1581
  898  1496  1577
  899     1    23
  900   496    71
  901  3848  4293
  902  3502  3405
  903   802  1240
  904   721  1177
  905  1750  1336
  906     1   379
  907  1727  1491
  908  3048  3008
  909  4138  3790
  910  1315  1503
  911  3057  3302
  912  1312  1648
  913   481   484
  914   765   628
  915  4301  4755
  916   881  1301
  917  1556  1791
  918   563    82
  919  2743  3172
  920  4348  4727
  921  1398  1272
  922  2481  2447
  923  1448  1094
  924  3804  4199
  925  3869  3936
  926  3352  3161
  927  2487  2136
  928  5057  4737
  929  3690  4059
  930   810   704
  931   597  1018
  932   766   618
  933  2208  2303
  934  4463  4782
  935  3438  3248
  936  4411  3970
  937   160   499
  938  4806  4344
  939  2199  2031
  940    13   184
  941   779   562
  942  1737  2171
  943  4185  4620
  944  4178  4450
  945  4047  3695
  946  1684  2073
  947  1163  1018
  948  3893  4180
  949  2601  2672
  950   952  1396
  951  3808  3634
  952  3903  3453
  953  1193   846
  954  3309  2983
  955  2956  2481
  956   760   688
  957  1723  1776
  958  4192  4362
  959  2145  2639
  960  3840  4318
  961  1876  1637
  962  4979  4732
  963   910  1052
  964  4688  4726
  965  1609  1872
  966  3750  3416
  967  1704  2132
  968  1182   902
  969  4539  4571
  970  3384  3235
  971  4644  4497
  972   138   496
  973  1593  1631
  974  3139  3225
  975  2167  2565
  976   635   184
  977  2622  2135
  978  2762  2381
  979  2448  2199
  980  3315  2987
  981   849   395
  982  1469  1423
  983   420   170
  984  2106  1855
  985   691   408
  986  4325  4389
  987  4032  4027
  988  3943  4183
  989  4047  4530
  990   331    77
  991   314   193
  992  3871  3742
  993  2841  2659
  994   620   686
  995  4081  4077
  996   640   688
  997   588   299
  998  3306  3092
  999  2652  2505
 1000  1258  1278
1265261