1000
      1    2487  1974434081481
      2    4602  3508685088342
      3    3550  2737654735056
      4     893   656724748425
      5    3168  1926865910514
      6    3446  2671627273863
      7     416    53247952575
      8    1377  1094067932241
      9    2099  1291440343119
     10    4584  3416388637212
     11    1129   585727478325
     12    2085  1588208932137
     13    1448  1285050588810
     14    2840  2048981215086
     15    3583  2347169749506
     16    2902  2020582307046
     17     679   501950699607
     18    4443  3278653933218
     19    1605  1192044164979
     20    4687  2987565125808
     21       1    36208607751
     22    1997  1386576685053
     23    2294  1943905255338
     24    5009  3549863505000
     25    2274  1904146784082
     26    2959  2108618921970
     27     355   585017505624
     28    1661  1176424765557
     29    1198   933614101815
     30    3651  2482774535397
     31    2422  2072410314219
     32    4608  3320542322577
     33    3359  2687246673285
     34    3818  2367758957835
     35    2673  1637197048506
     36    1060  1075608642015
     37    2820  2199495427698
     38    2652  1855868640414
     39    2869  2273332588602
     40     497   482781436680
     41    2841  2025552115953
     42    5062  3239605434663
     43     742   673054120548
     44    4210  2952776463459
     45     999   798719288625
     46     787   820728442356
     47    3729  2464315245171
     48    2994  2069570423415
     49    1927  1406455920681
     50    3538  2273332588602
     51    3307  2462185327068
     52    4135  3290013496434
     53    1112   672344147847
     54    4133  2969105835582
     55    4225  3014544088446
     56       1    85906696821
     57    1453   908055084579
     58    2002  1689735028380
     59    1527   927224347506
     60    1792  1042239925068
     61    2727  1853028749610
     62    4043  2757533970684
     63     662   196662438177
     64     797   372025695324
     65    1240   591407259933
     66     878   509760399318
     67       1   183172956858
     68    3221  2129918103000
     69    1457  1216893209514
     70    1365   678023929455
     71    3352  2183166055575
     72    1219   908055084579
     73    2494  1990763453604
     74     761   426693593301
     75    3000  2423136828513
     76    1848  1591758795642
     77    1777  1170035011248
     78    4421  3439817736345
     79    4007  2781673042518
     80    3633  2473544890284
     81    2492  1518631607439
     82    4123  3197007072603
     83    2032  1374507149136
     84    3720  2478514699191
     85    3902  2966975917479
     86    3833  2921537664615
     87    3116  1974434081481
     88    4427  3412128801006
     89    1280   778130080296
     90    4037  2957036299665
     91     928   995381726802
     92    1751  1270851134790
     93    2130  1591758795642
     94    4443  2880359247957
     95     701   566558215398
     96    3735  2464315245171
     97     105   396874739859
     98    1580  1387286657754
     99    2848  2023422197850
    100     716   276889353390
    101     542   695063274279
    102    4535  3301373059650
    103    1216   766770517080
    104    2297  1909826565690
    105    3152  2032651842963
    106    3585  2286112097220
    107    2305  1985793644697
    108    4327  3399349292388
    109    4564  3268714315404
    110     353    95846314635
    111    1065   579337724016
    112    1417   858356995509
    113       1    16329372123
    114    4266  3001054607127
    115    2917  1848058940703
    116    4765  3143759120028
    117    3407  2462895299769
    118     256   456512446743
    119    2520  1464673682163
    120    2611  1850188858806
    121    4407  3155828655945
    122    1942  1427045129010
    123    1166  1034430225357
    124    3161  2067440505312
    125    4028  3194167181799
    126       1   204472137888
    127    4187  3289303523733
    128    3138  2502653771025
    129    3304  2646778229328
    130    1875  1645006748217
    131    3264  2032651842963
    132    4938  3461116917375
    133    3306  2240673844356
    134    3110  2545962105786
    135    1519  1123176812982
    136    2872  2243513735160
    137     935   981892245483
    138    2591  1848768913404
    139    2853  2183166055575
    140    1059   742631445246
    141    3811  2386218248061
    142    2237  1421365347402
    143    4000  2656007874441
    144     165   421013811693
    145    1459  1169325038547
    146    2478  1968044327172
    147    3102  1899886947876
    148    4747  3377340138657
    149    1076   504080617710
    150    3566  2206595154708
    151    3811  2506913607231
    152    5092  3511524979146
    153    3032  2095129440651
    154    4639  3207656663118
    155    1756  1220443073019
    156     460     1419945402
    157    4089  2825691349980
    158     893   915154811589
    159    2447  1532831061459
    160    1989  1765702107387
    161    3506  2203045291203
    162       1   235710936732
    163    1152   786649752708
    164    3661  2651748038235
    165     986   873976394931
    166    1263   621936086076
    167    3209  2402547620184
    168    4393  3135949420317
    169    3105  2558031641703
    170    4480  3455437135767
    171    3223  2379828493752
    172    4609  3401479210491
    173    4960  3366690548142
    174    1800  1169325038547
    175    3965  2553061832796
    176    2640  1871488039836
    177    2599  1916926292700
    178    1752  1058569297191
    179    1202   934324074516
    180    1326   753281035761
    181    3020  2408937374493
    182    1372   708552755598
    183    3280  2296051715034
    184     686   785229807306
    185    4452  2986145180406
    186     372   175363257147
    187    1946  1519341580140
    188    1068   496270917999
    189    1893  1122466840281
    190    1913  1211923400607
    191       1    11359563216
    192     788   542419143564
    193    3655  2727715117242
    194    2952  1830309623178
    195    2624  1975854026883
    196     221    58927734183
    197    2577  1579689259725
    198    1737  1447634337339
    199     902   400424603364
    200    4442  3441237681747
    201    1072   729851936628
    202    1132  1032300307254
    203    4401  3206236717716
    204    1962  1062119160696
    205    5046  3456147108468
    206     521   697193192382
    207      31   373445640726
    208    2400  1683345274071
    209    3927  2866159793937
    210    3635  2345039831403
    211    1801  1586079014034
    212    3223  2082349932033
    213    3644  2337230131692
    214    4736  3352491094122
    215    4136  3046492859991
    216    2360  2019872334345
    217    2865  1858708531218
    218    1155   509050426617
    219    1595   879656176539
    220    1570   985442108988
    221    4938  3265164451899
    222     569   163293721230
    223    1229   575787860511
    224    2034  1758602380377
    225    3437  2221504581429
    226     240    26268989937
    227    1628  1011711098925
    228    2872  1737303199347
    229    4223  3195587127201
    230    3255  2047561269684
    231    2296  1319839251159
    232    3639  2277592424808
    233     436    58217761482
    234    4621  3243155298168
    235    4153  2753984107179
    236    2265  1846638995301
    237    1608  1024490607543
    238    1920  1368117394827
    239     451   535319416554
    240    4499  3429168145830
    241    3297  2416037101503
    242    2269  1676245547061
    243    3069  1839539268291
    244    2220  1599568495353
    245    2285  1840249240992
    246    4877  3396509401584
    247    2587  2021292279747
    248    1251   604186768551
    249     750   399004657962
    250     890   461482255650
    251    1272   613416413664
    252    1416  1297830097428
    253    1962  1523601416346
    254    2881  2251323434871
    255    2474  1647846639021
    256    3344  2301731496642
    257    1191   685833629166
    258    4035  2838470858598
    259    3472  2159026983741
    260    4350  2841310749402
    261     240    97266260037
    262    4503  3347521285215
    263    2414  1763572189284
    264    3186  2092999522548
    265    2792  1696124782689
    266    3577  2214404854419
    267    3816  2862609930432
    268    4607  3294983305341
    269    1464  1211213427906
    270    3706  2340779995197
    271    4279  2721325362933
    272    2468  1735883253945
    273    1954  1372377231033
    274    4440  2822851459176
    275    1918  1524311389047
    276    2764  1638616993908
    277     994   474261764268
    278    2900  2226474390336
    279    2056  1367407422126
    280    1105   736951663638
    281       1   117855468366
    282    1103  1127436649188
    283    4710  3152988765141
    284    1594  1138796212404
    285    2663  1617317812878
    286    3914  2852670312618
    287    4038  2868999684741
    288    2843  2142697611618
    289    2406  1895627111670
    290    4770  3035843269476
    291    2579  1664176011144
    292    3666  2508333552633
    293    2013  1475323272678
    294    4517  3137369365719
    295    1948  1436984746824
    296    1211   809368879140
    297    4895  3547023614196
    298    2268  1604538304260
    299    3257  2134887911907
    300    3892  2755404052581
    301     876   495560945298
    302    1013   786649752708
    303    4944  3290723469135
    304    4404  3452597244963
    305    1089   832797978273
    306    1748   923674484001
    307       1   344336759985
    308     475   467872009959
    309    4188  3226825926045
    310    2358  1971594190677
    311    2921  2004252934923
    312    2696  2047561269684
    313     357   448702747032
    314    1296  1104007550055
    315    2503  1748662762563
    316    2781  2314511005260
    317    1101   955623255546
    318    1624  1331198814375
    319     689   139154649396
    320     549   702872973990
    321    4271  3183517591284
    322    1964  1720973827224
    323    2254  1349658104601
    324    2347  1425625183608
    325    2650  2058210860199
    326    1941  1610928058569
    327    2994  2379118521051
    328    2916  2146957447824
    329    4444  2992534934715
    330    2466  1799070824334
    331    3468  2496973989417
    332    5122  3527854351269
    333    1854  1654236393330
    334    4884  3182097645882
    335     802   396874739859
    336    3388  2610569621577
    337    1917  1454024091648
    338    2804  2300311551240
    339    3028  2094419467950
    340     903   841317650685
    341    2877  1754342544171
    342     925   542419143564
    343    4632  2978335480695
    344    3345  2355689421918
    345     504   515440180926
    346    4380  2993244907416
    347     434   588567369129
    348    4710  3091931112855
    349    1139   544549061667
    350    4415  2911598046801
    351    3237  2119978485186
    352     197    44018307462
    353     246   112175686758
    354    2769  1693994864586
    355    2473  1847348968002
    356    3181  2568681232218
    357       1   222221455413
    358    3126  2011352661933
    359    1217   761090735472
    360    1708  1505142126120
    361    3617  2606309785371
    362     184   373445640726
    363    3579  2381248439154
    364    4356  2834211022392
    365     881   376995504231
    366    3484  2817881650269
    367    4446  3008864306838
    368     887   861906859014
    369    2750  1937515501029
    370    3148  2249193516768
    371    4029  2724165253737
    372    1565   783099889203
    373       1    60347679585
    374     963   369185804520
    375    1660  1080578450922
    376    1565  1422075320103
    377    5011  3544183723392
    378    3430  2222924526831
    379    4492  3056432477805
    380    2896  2165416738050
    381    4233  3234635625756
    382    2759  1823919868869
    383    1818  1188494301474
    384    1109   523249880637
    385    1290   673764093249
    386    4179  2914437937605
    387    4058  3002474552529
    388    1204   758250844668
    389     943  1015970935131
    390    3057  2304571387446
    391    4716  3013124143044
    392    3662  2734104871551
    393    3029  2257713189180
    394    1287  1116077085972
    395    3187  1992183399006
    396    3544  2629028911803
    397    4113  2627608966401
    398    4165  3192747236397
    399     313    34078689648
    400    3217  2234284090047
    401    1173   873266422230
    402    1518  1430594992515
    403    2392  1893497193567
    404    2467  1645006748217
    405    5237  3365270602740
    406    4258  3326932076886
    407     714   223641400815
    408    3981  3081281522340
    409    1981  1113237195168
    410    4590  2967685890180
    411    4407  3478866234900
    412    1068   920834593197
    413     784   444442910826
    414    1271   805109042934
    415     841   878236231137
    416    4148  2629738884504
    417    1304  1130276539992
    418    1750  1157255502630
    419    3597  2281852261014
    420    1067   957753173649
    421    3231  2532472624467
    422    1990  1161515338836
    423    4270  2915857883007
    424    3212  2602049949165
    425     739   452962583238
    426     521   396874739859
    427    2894  2277592424808
    428    2712  1957394736657
    429    5235  3379470056760
    430    2728  1938935446431
    431    2013  1667015901948
    432     480   394034849055
    433    2384  1703224509699
    434    3820  3017383979250
    435     321   460062310248
    436    1921  1688315082978
    437    3517  2302441469343
    438    4355  2894558701977
    439    2002  1237482417843
    440    3566  2220794608728
    441    1942  1155125584527
    442    2500  1835989404786
    443     336   520409989833
    444    3111  2328000486579
    445    1406   756120926565
    446     251   321617633553
    447    3967  2841310749402
    448    1272   700033083186
    449    2015  1101877631952
    450    4871  3192037263696
    451    4738  3128139720606
    452    3642  2668787383059
    453    2163  1799070824334
    454    4210  3201266908809
    455    3430  2388348166164
    456    4413  2927927418924
    457    1699   951363419340
    458     741   834927896376
    459    2225  1358177777013
    460    3305  2194525618791
    461    1119   899535412167
    462    5080  3287883578331
    463       1   217961619207
    464       1   215831701104
    465    2111  1197013973886
    466    1513  1376637067239
    467    1171   962722982556
    468    1403  1334038705179
    469       7   264109844772
    470    1008   919414647795
    471    1226  1128856594590
    472    3907  2862609930432
    473     589   207312028692
    474    1097  1099747713849
    475    1104   810078851841
    476    1940  1088388150633
    477    3627  2697896263800
    478    4237  2946386709150
    479       1   137734703994
    480    3129  2465025217872
    481     890   548808897873
    482    1802  1249551953760
    483    3503  2661687656049
    484    1250   959173119051
    485    4363  3083411440443
    486    4305  2935737118635
    487    5301  3470346562488
    488    4338  2829951186186
    489    3691  2748304325571
    490    3324  2560161559806
    491    2159  1419945402000
    492    4781  3306342868557
    493    4685  3480286180302
    494    1030   855517104705
    495    1962  1445504419236
    496    3746  2686536700584
    497    1188   812918742645
    498    2491  1767832025490
    499     997  1009581180822
    500    2549  2019162361644
    501     676   264109844772
    502    2078  1336168623282
    503    4127  2634708693411
    504    1155  1167195120444
    505     600   733401800133
    506     641   288958889307
    507    4124  2774573315508
    508    1248  1222572991122
    509    5295  3453307217664
    510     104   301028425224
    511     951   713522564505
    512    1445   904505221074
    513     101   401844548766
    514    2901  1912666456494
    515     655   626195922282
    516    2012  1465383654864
    517    1147  1062119160696
    518     919   910894975383
    519    1895  1123176812982
    520    1857  1325519032767
    521    3500  2315930950662
    522     954   768190462482
    523    2984  2111458812774
    524    1746  1549160433582
    525    3067  2523242979354
    526    4961  3228955844148
    527    3401  2624059102896
    528     370    70287297399
    529     755   278309298792
    530    1995  1612348003971
    531    4824  3105420594174
    532    3579  2652458010936
    533    4906  3167898191862
    534    5143  3537083996382
    535      37   183172956858
    536    3252  2563711423311
    537    2499  1740143090151
    538    4798  3207656663118
    539    4351  2942836845645
    540    2096  1214763291411
    541     602   494850972597
    542     912   962722982556
    543    4114  3148018956234
    544    1889  1583949095931
    545    4683  3206236717716
    546    4378  2778123179013
    547    3679  2435206364430
    548    2468  1755052516872
    549    4192  2704995990810
    550    2336  1851608804208
    551    3479  2708545854315
    552    2347  1341138432189
    553    3414  2653877956338
    554    2496  2081639959332
    555     616   359956159407
    556    1437   717782400711
    557    1449  1146605912115
    558     956   479941545876
    559    3173  2049691187787
    560     514   376285531530
    561    4311  3405029073996
    562    3442  2113588730877
    563    3163  2134177939206
    564    3249  2217954717924
    565    1558   772450298688
    566    2490  1462543764060
    567    4927  3204106799613
    568     736   464322146454
    569     807   534609443853
    570    4024  3204816772314
    571    2988  2428816610121
    572    3093  2024842143252
    573    4193  3250255025178
    574    4087  2812201868661
    575    4522  3358170875730
    576    3815  2447985873048
    577    4765  3309892732062
    578    3135  1926865910514
    579    1259  1023070662141
    580    2129  1754342544171
    581    4124  2734814844252
    582    4851  3270844233507
    583    3402  2347879722207
    584    2876  2312381087157
    585    1863  1280080779903
    586     523   173233339044
    587    1189   793749479718
    588     652   493431027195
    589    4060  2553771805497
    590    3864  2435916337131
    591    4906  3203396826912
    592    3947  2644648311225
    593    1133   492011081793
    594       1   131344949685
    595    4570  3336161721999
    596    4461  3503715279435
    597      48   381965313138
    598     437   531059580348
    599     167   381965313138
    600    2315  1679085437865
    601    4860  3206236717716
    602    4109  2922247637316
    603    1570  1141636103208
    604    1162  1113947167869
    605    4076  3121039993596
    606    4877  3414258719109
    607    2673  2241383817057
    608    3015  2207305127409
    609    1967  1378057012641
    610    5106  3533534132877
    611     221    75257106306
    612    4138  3106130566875
    613    2359  1930415774019
    614    4284  3197007072603
    615    2008  1630807294197
    616    1174  1089098123334
    617     686   687253574568
    618    1991  1244582144853
    619     685   545259034368
    620    3022  1860128476620
    621    1460   785939780007
    622     955   518990044431
    623    1102   690093465372
    624    2061  1603828331559
    625    1102   950653446639
    626     698   168973502838
    627    2885  1874327930640
    628    2690  1938225473730
    629    2209  1316289387654
    630    3954  2474254862985
    631    4491  3451177299561
    632    2520  1657786256835
    633    3808  2773863342807
    634    1302  1133116430796
    635    1265  1096907823045
    636    1912  1457573955153
    637    5122  3503005306734
    638    1339   858356995509
    639     608   461482255650
    640    2195  1207663564401
    641    3717  2886039029565
    642    4189  3133109529513
    643    1323   751151117658
    644    1899  1167905093145
    645    3508  2682276864378
    646       1    17749317525
    647    2338  1671275738154
    648     276   396164767158
    649    2538  1955264818554
    650     778   581467642119
    651    3394  2555901723600
    652    2289  1845219049899
    653    3150  2386218248061
    654    2601  1993603344408
    655    2932  1990053480903
    656    1734   895275575961
    657    1854  1400776139073
    658    1953  1562649914901
    659    3776  2626189020999
    660    3810  2548092023889
    661     874   602766823149
    662    4117  3129559666008
    663    1946  1434144856020
    664       1    66027461193
    665     738   573657942408
    666     343   455802474042
    667    1719  1539930788469
    668    3853  2703576045408
    669    4172  3306342868557
    670    4693  3138079338420
    671    1906  1483842945090
    672    2584  2085189822837
    673    1727   943553719629
    674    4722  3225405980643
    675    4796  3209076608520
    676    4800  3439107763644
    677     584   254880199659
    678    4312  3354621012225
    679    1381   776710134894
    680    2071  1807590496746
    681    2271  1402906057176
    682    2244  1319839251159
    683    3751  2611989566979
    684    1615   837057814479
    685    4110  3249545052477
    686    1989  1106847440859
    687     274    88036614924
    688    3992  3103290676071
    689    3382  2285402124519
    690    4053  2943546818346
    691    1002   429533484105
    692    2028  1248841981059
    693    4305  3008864306838
    694    4584  3110390403081
    695    3757  2592820304052
    696    4146  2844860612907
    697    4034  3203396826912
    698    3858  3081991495041
    699     793   760380762771
    700    1314  1285760561511
    701    4334  2939996954841
    702     205   454382528640
    703     965   844157541489
    704    4241  2839890804000
    705    4065  2565841341414
    706    1079   640395376302
    707    2392  1412135702289
    708    5149  3363850657338
    709    3628  2648908147431
    710    4443  3012414170343
    711    4416  3416388637212
    712      35   318777742749
    713    3823  2723455281036
    714    2045  1170744983949
    715     779   423853702497
    716    2897  2026262088654
    717    1222   642525294405
    718    1538  1107557413560
    719    4567  3339711585504
    720    2438  1394386384764
    721    3331  2055370969395
    722       1    11359563216
    723    4277  3331901885793
    724    3981  2602049949165
    725     520    70287297399
    726    1930  1717423963719
    727    1367  1289310425016
    728    3519  2609859648876
    729    1637  1304929824438
    730    1558  1145185966713
    731    3535  2331550350084
    732    2383  1867228203630
    733     552   528929662245
    734    1143  1145185966713
    735    1963  1654236393330
    736    3209  2313801032559
    737    3989  3180677700480
    738     287   394034849055
    739    3131  1914796374597
    740     926   658854666528
    741     796   494850972597
    742    3622  2591400358650
    743     514    20589208329
    744    3391  2087319740940
    745    1585  1427755101711
    746    4294  2798002414641
    747    1304   636845512797
    748    1413  1101877631952
    749    5161  3454017190365
    750    5147  3302083032351
    751    2271  1827469732374
    752     868   625485949581
    753    2258  1413555647691
    754    4019  2734814844252
    755    2252  1649976557124
    756    2558  1507272044223
    757    3451  2556611696301
    758    3363  2251323434871
    759    1278  1191334192278
    760    1791  1150865748321
    761    3647  2942126872944
    762    3852  2882489166060
    763     951   448702747032
    764    3742  2761083834189
    765    2803  2088739686342
    766    2626  1974434081481
    767    1982  1222572991122
    768    1720  1410005784186
    769    2818  2225054444934
    770    3985  2980465398798
    771    1789  1092647986839
    772     605   276179380689
    773    3172  2526792842859
    774     454   399004657962
    775    4433  3197717045304
    776    5071  3488805852714
    777    2558  1584659068632
    778    2720  1583239123230
    779     946   673054120548
    780    3665  2932897227831
    781    2664  1654946366031
    782    1913  1487392808595
    783    2319  1947455118843
    784       1   233581018629
    785    1085   655304803023
    786    1028   827118196665
    787     891   802269152130
    788    5033  3524304487764
    789    2460  1958814682059
    790    2318  1928285855916
    791    1304   919414647795
    792    4011  2937157064037
    793    1857  1038690061563
    794    4885  3463956808179
    795    4121  2619799266690
    796    3722  2410357319895
    797    2105  1160805366135
    798    2614  1917636265401
    799    3403  2768893533900
    800     186   423143729796
    801    2011  1176424765557
    802    4708  3275814042414
    803    3160  2166836683452
    804    5042  3363850657338
    805     840   487041272886
    806    2880  2383378357257
    807    3160  2389768111566
    808    3899  2582170713537
    809    2353  1505852098821
    810     618   344336759985
    811    4401  3258774697590
    812    4992  3400059265089
    813    3632  2234994062748
    814    4402  3331191913092
    815     147   132764895087
    816    2012  1378057012641
    817    3552  2723455281036
    818    3974  2962716081273
    819     530    26978962638
    820    3411  2451535736553
    821    2195  1225412881926
    822    3110  2509753498035
    823    5304  3534244105578
    824    1607  1045789788573
    825    3946  3119620048194
    826    3846  2834920995093
    827    1513  1365277504023
    828    1348   792329534316
    829    2721  1983663726594
    830     190   272629517184
    831       1   165423639333
    832    1261  1126016703786
    833    3905  2460055408965
    834    2702  2246353625964
    835    4265  3228955844148
    836    4643  3480996153003
    837    4190  3167188219161
    838       1   239260800237
    839    1724  1368117394827
    840    2193  1807590496746
    841    1970  1361727640518
    842    2631  1897757029773
    843    5107  3292853387238
    844    3920  2781673042518
    845     776   476391682371
    846    3418  2462185327068
    847     802   415334030085
    848    4201  2815041759465
    849    2922  2051821105890
    850    2861  1761442271181
    851     129   176783202549
    852    3165  2281142288313
    853    4814  3525724433166
    854    4607  3484546016508
    855    1014   579337724016
    856    3143  2582170713537
    857    2708  2239253898954
    858    2926  2425266746616
    859    2551  1859418503919
    860    4320  2906628237894
    861     846   658854666528
    862     544   423143729796
    863    4283  2976915535293
    864    3756  2728425089943
    865    3796  2491294207809
    866     965   823568333160
    867     787   546678979770
    868    3229  2364919067031
    869     203   139864622097
    870    1611   947103583134
    871    4807  3244575243570
    872    4157  2922247637316
    873    1592  1301379960933
    874    4101  2751144216375
    875    3868  3076311713433
    876    2525  1464673682163
    877    3265  2364209094330
    878    2710  1650686529825
    879     600   614836359066
    880     844   619806167973
    881    4384  3370950384348
    882    2618  1882847603052
    883    1038   882496067343
    884    2468  1548450460881
    885    2981  2225054444934
    886    4119  3216176335530
    887    4230  2886039029565
    888    3192  2507623579932
    889     103    33368716947
    890    3986  2712805690521
    891    4493  3488095880013
    892    3752  2458635463563
    893    4113  2572941068424
    894    4616  3079861576938
    895    2466  1427755101711
    896    4174  3221146144437
    897    1803  1122466840281
    898    1496  1119626949477
    899       1    16329372123
    900     496    50408061771
    901    3848  3047912805393
    902    3502  2417457046905
    903     802   880366149240
    904     721   835637869077
    905    1750   948523528536
    906       1   269079653679
    907    1727  1058569297191
    908    3048  2135597884608
    909    4138  2690796536790
    910    1315  1067088969603
    911    3057  2344329858702
    912    1312  1170035011248
    913     481   343626787284
    914     765   445862856228
    915    4301  3375920193255
    916     881   923674484001
    917    1556  1271561107491
    918     563    58217761482
    919    2743  2252033407572
    920    4348  3356040957627
    921    1398   903085275672
    922    2481  1737303199347
    923    1448   776710134894
    924    3804  2981175371499
    925    3869  2794452551136
    926    3352  2244223707861
    927    2487  1516501689336
    928    5057  3363140684637
    929    3690  2881779193359
    930     810   499820781504
    931     597   722752209618
    932     766   438763129218
    933    2208  1635067130403
    934    4463  3395089456182
    935    3438  2305991332848
    936    4411  2818591622970
    937     160   354276377799
    938    4806  3084121413144
    939    2199  1441954555731
    940      13   130634976984
    941     779   399004657962
    942    1737  1541350733871
    943    4185  3280073878620
    944    4178  3159378519450
    945    4047  2623349130195
    946    1684  1471773409173
    947    1163   722752209618
    948    3893  2967685890180
    949    2601  1897047057072
    950     952   991121890596
    951    3808  2580040795434
    952    3903  2451535736553
    953    1193   600636905046
    954    3309  2117848567083
    955    2956  1761442271181
    956     760   488461218288
    957    1723  1260911516976
    958    4192  3096900921762
    959    2145  1873617957939
    960    3840  3065662122918
    961    1876  1162225311537
    962    4979  3359590821132
    963     910   746891281452
    964    4688  3355330984926
    965    1609  1329068896272
    966    3750  2425266746616
    967    1704  1513661798532
    968    1182   640395376302
    969    4539  3245285216271
    970    3384  2296761687735
    971    4644  3192747236397
    972     138   352146459696
    973    1593  1157965475331
    974    3139  2289661960725
    975    2167  1821079978065
    976     635   130634976984
    977    2622  1515791716635
    978    2762  1690445001081
    979    2448  1561229969499
    980    3315  2120688457887
    981     849   280439216895
    982    1469  1010291153523
    983     420   120695359170
    984    2106  1316999360355
    985     691   289668862008
    986    4325  3116070184689
    987    4032  2859060066927
    988    3943  2969815808283
    989    4047  3216176335530
    990     331    54667897977
    991     314   137024731293
    992    3871  2656717847142
    993    2841  1887817411959
    994     620   487041272886
    995    4081  2894558701977
    996     640   488461218288
    997     588   212281837599
    998    3306  2195235591492
    999    2652  1778481616005
   1000    1258   907345111878
1265261