3000
    1   791   781
    2   752   742
    3   952   942
    4   452   442
    5   866   856
    6   978   968
    7   935   925
    8   178   168
    9   724   714
   10   387   377
   11   773   763
   12   367   357
   13    85    75
   14   227   217
   15   551   541
   16   929   919
   17   829   819
   18   704   694
   19   822   812
   20   144   134
   21   835   825
   22   497   487
   23   247   237
   24   137   127
   25   820   810
   26   309   299
   27   896   886
   28   440   430
   29   316   306
   30   369   359
   31   856   846
   32  1010  1000
   33   717   707
   34    40    30
   35   628   618
   36   248   238
   37   689   679
   38   396   386
   39   218   208
   40   679   669
   41    61    51
   42   763   753
   43   963   953
   44    69    59
   45   748   738
   46   150   140
   47  1010  1000
   48   606   596
   49   692   682
   50    67    57
   51   980   970
   52   580   570
   53   834   824
   54   394   384
   55   667   657
   56   757   747
   57   325   315
   58   596   586
   59   507   497
   60    38    28
   61   929   919
   62   871   861
   63   687   677
   64   966   956
   65   795   785
   66   534   524
   67   345   335
   68   485   475
   69   316   306
   70   349   339
   71   525   515
   72   363   353
   73   108    98
   74   795   785
   75   624   614
   76   493   483
   77   212   202
   78   968   958
   79   690   680
   80   857   847
   81   863   853
   82   878   868
   83   573   563
   84   139   129
   85   958   948
   86    59    49
   87   169   159
   88   313   303
   89   135   125
   90   388   378
   91   166   156
   92   321   311
   93   481   471
   94   846   836
   95   925   915
   96   194   184
   97   991   981
   98   422   412
   99   212   202
  100   447   437
  101   478   468
  102    49    39
  103   644   634
  104   824   814
  105   957   947
  106   893   883
  107   192   182
  108   363   353
  109   256   246
  110   942   932
  111   131   121
  112   672   662
  113   289   279
  114   404   394
  115   390   380
  116   626   616
  117   316   306
  118   490   480
  119   478   468
  120   417   407
  121   620   610
  122   386   376
  123   894   884
  124    60    50
  125   287   277
  126   643   633
  127   534   524
  128   171   161
  129   843   833
  130   692   682
  131   728   718
  132   563   553
  133   268   258
  134    35    25
  135  1010  1000
  136   291   281
  137   724   714
  138   950   940
  139   965   955
  140   475   465
  141    85    75
  142   635   625
  143   289   279
  144    77    67
  145   814   804
  146   427   417
  147   611   601
  148   595   585
  149   423   413
  150   856   846
  151   252   242
  152   760   750
  153   658   648
  154   416   406
  155   855   845
  156   579   569
  157   928   918
  158   202   192
  159   494   484
  160    21    11
  161   149   139
  162   101    91
  163   513   503
  164   860   850
  165   946   936
  166   711   701
  167   501   491
  168   928   918
  169   189   179
  170   499   489
  171   125   115
  172   754   744
  173   791   781
  174   444   434
  175   816   806
  176   965   955
  177   106    96
  178   254   244
  179   175   165
  180   364   354
  181   412   402
  182   612   602
  183   800   790
  184   707   697
  185   252   242
  186   667   657
  187    67    57
  188    18     8
  189   808   798
  190    46    36
  191   481   471
  192   468   458
  193   569   559
  194   579   569
  195   964   954
  196    78    68
  197   860   850
  198   882   872
  199   400   390
  200  1002   992
  201   989   979
  202   662   652
  203   660   650
  204   979   969
  205    90    80
  206   468   458
  207   700   690
  208   611   601
  209   873   863
  210   601   591
  211   230   220
  212   465   455
  213   807   797
  214   912   902
  215   798   788
  216   974   964
  217   614   604
  218   760   750
  219   145   135
  220   910   900
  221   826   816
  222   707   697
  223   219   209
  224   260   250
  225    33    23
  226   147   137
  227   237   227
  228   133   123
  229   613   603
  230    64    54
  231   438   428
  232   135   125
  233   479   469
  234    21    11
  235   653   643
  236   643   633
  237    73    63
  238  1008   998
  239   616   606
  240   325   315
  241   455   445
  242    95    85
  243    20    10
  244   308   298
  245   467   457
  246   592   582
  247   922   912
  248   589   579
  249   509   499
  250   105    95
  251   298   288
  252   362   352
  253   643   633
  254   118   108
  255   535   525
  256   992   982
  257   738   728
  258   977   967
  259   327   317
  260   926   916
  261   873   863
  262   876   866
  263   885   875
  264   369   359
  265   166   156
  266   330   320
  267   596   586
  268   412   402
  269   592   582
  270   643   633
  271   170   160
  272   749   739
  273   393   383
  274   710   700
  275   614   604
  276   219   209
  277    85    75
  278   897   887
  279    56    46
  280   299   289
  281   371   361
  282   796   786
  283    12     2
  284    98    88
  285   751   741
  286   755   745
  287   603   593
  288   485   475
  289   657   647
  290   466   456
  291   782   772
  292   292   282
  293   686   676
  294    35    25
  295   767   757
  296    69    59
  297   720   710
  298   762   752
  299   118   108
  300   932   922
  301   541   531
  302   698   688
  303   956   946
  304   864   854
  305   961   951
  306   753   743
  307   528   518
  308  1009   999
  309   729   719
  310   294   284
  311    12     2
  312   574   564
  313   990   980
  314   419   409
  315   299   289
  316   963   953
  317   169   159
  318   741   731
  319   497   487
  320   615   605
  321   113   103
  322   696   686
  323   342   332
  324   235   225
  325   118   108
  326   136   126
  327   745   735
  328   583   573
  329   241   231
  330   338   328
  331   886   876
  332   735   725
  333   394   384
  334    81    71
  335   427   417
  336   418   408
  337   613   603
  338   692   682
  339   877   867
  340   723   713
  341   362   352
  342   588   578
  343   801   791
  344   672   662
  345   752   742
  346    44    34
  347   657   647
  348    56    46
  349   606   596
  350   441   431
  351   646   636
  352   882   872
  353   710   700
  354  1009   999
  355   501   491
  356   336   326
  357   326   316
  358   808   798
  359    71    61
  360    98    88
  361   403   393
  362   157   147
  363  1008   998
  364    31    21
  365   244   234
  366   251   241
  367   116   106
  368   951   941
  369   216   206
  370   123   113
  371   257   247
  372   363   353
  373   150   140
  374   479   469
  375   709   699
  376   806   796
  377   591   581
  378   873   863
  379   717   707
  380   253   243
  381    26    16
  382   466   456
  383   774   764
  384   329   319
  385   852   842
  386   567   557
  387   588   578
  388   766   756
  389   793   783
  390   942   932
  391    93    83
  392   843   833
  393   235   225
  394    54    44
  395    49    39
  396   946   936
  397   574   564
  398   444   434
  399   857   847
  400   154   144
  401    38    28
  402   210   200
  403   464   454
  404   959   949
  405   526   516
  406   706   696
  407   506   496
  408   404   394
  409   878   868
  410   928   918
  411   992   982
  412   102    92
  413   536   526
  414   789   779
  415   381   371
  416   345   335
  417    47    37
  418   688   678
  419   313   303
  420   537   527
  421   244   234
  422   575   565
  423   943   933
  424   647   637
  425   302   292
  426   803   793
  427   732   722
  428   563   553
  429   301   291
  430   177   167
  431   855   845
  432   776   766
  433   628   618
  434   709   699
  435   727   717
  436   395   385
  437   249   239
  438   561   551
  439   398   388
  440   445   435
  441   609   599
  442   979   969
  443   240   230
  444   792   782
  445   821   811
  446   669   659
  447   487   477
  448   766   756
  449   139   129
  450   830   820
  451    47    37
  452   893   883
  453   435   425
  454   390   380
  455   457   447
  456   215   205
  457   511   501
  458   374   364
  459   894   884
  460   694   684
  461   869   859
  462   646   636
  463   218   208
  464   325   315
  465    92    82
  466   552   542
  467   578   568
  468   545   535
  469   889   879
  470   105    95
  471   611   601
  472   710   700
  473   453   443
  474  1000   990
  475   937   927
  476   662   652
  477   764   754
  478   911   901
  479   840   830
  480   356   346
  481   413   403
  482    15     5
  483   371   361
  484   983   973
  485   601   591
  486   536   526
  487   263   253
  488   498   488
  489   602   592
  490   781   771
  491   794   784
  492   704   694
  493   857   847
  494   374   364
  495   861   851
  496   221   211
  497   572   562
  498   487   477
  499   660   650
  500   455   445
  501   874   864
  502   726   716
  503   838   828
  504   235   225
  505   156   146
  506   802   792
  507   181   171
  508   588   578
  509   331   321
  510   622   612
  511   252   242
  512   607   597
  513   976   966
  514   389   379
  515  1008   998
  516   226   216
  517    51    41
  518   328   318
  519    12     2
  520   498   488
  521   147   137
  522   883   873
  523   725   715
  524    92    82
  525   494   484
  526   517   507
  527   958   948
  528   883   873
  529   399   389
  530   638   628
  531   129   119
  532   728   718
  533    42    32
  534   955   945
  535   651   641
  536   224   214
  537   716   706
  538   349   339
  539   307   297
  540   231   221
  541   843   833
  542   311   301
  543   455   445
  544   794   784
  545   943   933
  546   534   524
  547   986   976
  548   586   576
  549   157   147
  550   851   841
  551   318   308
  552    77    67
  553   678   668
  554   380   370
  555   146   136
  556   206   196
  557   936   926
  558   745   735
  559    48    38
  560   796   786
  561   176   166
  562   217   207
  563   598   588
  564   793   783
  565   451   441
  566   821   811
  567   614   604
  568   849   839
  569   288   278
  570   428   418
  571    28    18
  572   858   848
  573    51    41
  574   422   412
  575    28    18
  576   570   560
  577   680   670
  578   693   683
  579   286   276
  580   220   210
  581   354   344
  582   268   258
  583   543   533
  584   789   779
  585    88    78
  586   867   857
  587   429   419
  588   795   785
  589    34    24
  590   811   801
  591   150   140
  592   956   946
  593  1006   996
  594   412   402
  595   270   260
  596   436   426
  597    17     7
  598   367   357
  599   891   881
  600   257   247
  601   708   698
  602   109    99
  603   118   108
  604   481   471
  605   645   635
  606   318   308
  607   873   863
  608   523   513
  609   183   173
  610   501   491
  611   311   301
  612   883   873
  613   495   485
  614   952   942
  615   669   659
  616   414   404
  617   555   545
  618    54    44
  619   787   777
  620   189   179
  621   833   823
  622   178   168
  623   894   884
  624   471   461
  625   642   632
  626   708   698
  627   565   555
  628   471   461
  629   473   463
  630   142   132
  631   270   260
  632   141   131
  633   356   346
  634    59    49
  635   885   875
  636   344   334
  637   206   196
  638   771   761
  639  1000   990
  640   721   711
  641   494   484
  642   532   522
  643   434   424
  644   435   425
  645   911   901
  646   947   937
  647    18     8
  648   254   244
  649   909   899
  650   872   862
  651   279   269
  652   770   760
  653   361   351
  654   759   749
  655    34    24
  656   721   711
  657   225   215
  658   411   401
  659   544   534
  660  1005   995
  661   527   517
  662   133   123
  663   979   969
  664    33    23
  665   340   330
  666   458   448
  667   492   482
  668   548   538
  669   569   559
  670   314   304
  671   687   677
  672   879   869
  673    58    48
  674   813   803
  675   250   240
  676   320   310
  677   960   950
  678   936   926
  679   195   185
  680   919   909
  681   481   471
  682   541   531
  683   774   764
  684   366   356
  685   205   195
  686   249   239
  687   328   318
  688    37    27
  689   736   726
  690    54    44
  691   226   216
  692   587   577
  693   839   829
  694   169   159
  695   365   355
  696   449   439
  697   777   767
  698   542   532
  699   111   101
  700   760   750
  701   996   986
  702   959   949
  703    72    62
  704   243   233
  705   168   158
  706   731   721
  707   396   386
  708   471   461
  709   612   602
  710   836   826
  711   628   618
  712   518   508
  713   323   313
  714   433   423
  715   843   833
  716   987   977
  717    82    72
  718   649   639
  719   130   120
  720   456   446
  721   681   671
  722   441   431
  723   536   526
  724   404   394
  725   364   354
  726    21    11
  727  1002   992
  728   944   934
  729   541   531
  730   187   177
  731   979   969
  732   200   190
  733   248   238
  734    53    43
  735   224   214
  736   159   149
  737   739   729
  738    84    74
  739   178   168
  740   811   801
  741   847   837
  742   482   472
  743   113   103
  744   919   909
  745    95    85
  746   816   806
  747   530   520
  748   199   189
  749   532   522
  750   126   116
  751    13     3
  752   318   308
  753  1002   992
  754   721   711
  755   141   131
  756   420   410
  757   315   305
  758   486   476
  759    60    50
  760   284   274
  761   566   556
  762   389   379
  763   579   569
  764   841   831
  765   684   674
  766   832   822
  767   747   737
  768    64    54
  769   959   949
  770   843   833
  771   115   105
  772   256   246
  773   239   229
  774   902   892
  775    78    68
  776   286   276
  777   441   431
  778   710   700
  779   256   246
  780   381   371
  781   254   244
  782   642   632
  783   861   851
  784   115   105
  785   190   180
  786   528   518
  787   582   572
  788   247   237
  789   816   806
  790   631   621
  791   713   703
  792   391   381
  793   711   701
  794   368   358
  795   507   497
  796   797   787
  797    58    48
  798   182   172
  799   157   147
  800   817   807
  801   240   230
  802   916   906
  803    25    15
  804   698   688
  805   677   667
  806   125   115
  807   327   317
  808   526   516
  809   750   740
  810   103    93
  811   696   686
  812   562   552
  813   325   315
  814   961   951
  815   350   340
  816   659   649
  817   578   568
  818   683   673
  819   190   180
  820   738   728
  821   910   900
  822   973   963
  823   307   297
  824   173   163
  825   636   626
  826   120   110
  827   144   134
  828   683   673
  829   247   237
  830   672   662
  831   714   704
  832   288   278
  833   602   592
  834   419   409
  835   640   630
  836   742   732
  837   224   214
  838   851   841
  839   359   349
  840    12     2
  841   577   567
  842   159   149
  843   646   636
  844   544   534
  845   117   107
  846   768   758
  847   675   665
  848   697   687
  849   648   638
  850   975   965
  851   569   559
  852   688   678
  853   218   208
  854   164   154
  855   767   757
  856   924   914
  857   770   760
  858  1009   999
  859   741   731
  860   684   674
  861   358   348
  862   724   714
  863   565   555
  864   111   101
  865   409   399
  866    92    82
  867   260   250
  868   879   869
  869   658   648
  870   427   417
  871   388   378
  872   364   354
  873   253   243
  874   234   224
  875    87    77
  876   693   683
  877   753   743
  878  1002   992
  879   138   128
  880   514   504
  881   637   627
  882   590   580
  883   596   586
  884   405   395
  885   743   733
  886   807   797
  887   289   279
  888   838   828
  889    75    65
  890   527   517
  891   463   453
  892   870   860
  893    12     2
  894   446   436
  895   996   986
  896   283   273
  897   562   552
  898   291   281
  899   506   496
  900   578   568
  901   416   406
  902   506   496
  903   769   759
  904   130   120
  905   544   534
  906   788   778
  907   519   509
  908    45    35
  909   374   364
  910   108    98
  911   134   124
  912   770   760
  913   350   340
  914    70    60
  915   186   176
  916   845   835
  917   923   913
  918   266   256
  919   101    91
  920   817   807
  921   277   267
  922   198   188
  923   641   631
  924   932   922
  925   317   307
  926   121   111
  927   314   304
  928   408   398
  929   696   686
  930    60    50
  931   949   939
  932   217   207
  933   366   356
  934   475   465
  935   889   879
  936   674   664
  937   382   372
  938   177   167
  939   305   295
  940   106    96
  941   600   590
  942   418   408
  943    42    32
  944   172   162
  945   302   292
  946    33    23
  947   559   549
  948   485   475
  949   151   141
  950   818   808
  951   543   533
  952   815   805
  953   810   800
  954   418   408
  955   160   150
  956   594   584
  957   204   194
  958   962   952
  959   482   472
  960   937   927
  961   783   773
  962   731   721
  963   770   760
  964   266   256
  965   759   749
  966   963   953
  967   361   351
  968  1007   997
  969   353   343
  970   837   827
  971   145   135
  972   642   632
  973   898   888
  974   119   109
  975   996   986
  976   158   148
  977   881   871
  978   381   371
  979   616   606
  980   880   870
  981  1010  1000
  982   675   665
  983   667   657
  984   668   658
  985   912   902
  986   807   797
  987   215   205
  988   988   978
  989    46    36
  990   797   787
  991   794   784
  992   619   609
  993   155   145
  994   124   114
  995   500   490
  996    88    78
  997   432   422
  998   141   131
  999   854   844
 1000   494   484
 1001   382   372
 1002   540   530
 1003   892   882
 1004   952   942
 1005   721   711
 1006  1000   990
 1007   654   644
 1008    98    88
 1009    43    33
 1010   884   874
 1011   417   407
 1012   979   969
 1013   918   908
 1014   504   494
 1015   732   722
 1016   902   892
 1017   874   864
 1018   241   231
 1019   434   424
 1020   135   125
 1021    15     5
 1022   692   682
 1023   284   274
 1024   450   440
 1025   576   566
 1026   467   457
 1027   704   694
 1028   984   974
 1029   892   882
 1030   446   436
 1031    74    64
 1032   195   185
 1033   506   496
 1034   539   529
 1035   293   283
 1036   161   151
 1037   592   582
 1038   728   718
 1039   877   867
 1040   877   867
 1041   272   262
 1042   836   826
 1043    92    82
 1044   632   622
 1045   984   974
 1046   885   875
 1047   192   182
 1048   903   893
 1049   564   554
 1050   925   915
 1051   558   548
 1052   470   460
 1053   706   696
 1054   854   844
 1055   109    99
 1056   858   848
 1057   402   392
 1058   460   450
 1059   281   271
 1060    52    42
 1061   384   374
 1062   482   472
 1063   746   736
 1064   906   896
 1065   472   462
 1066   444   434
 1067   992   982
 1068   359   349
 1069   268   258
 1070   499   489
 1071   621   611
 1072   971   961
 1073   461   451
 1074   232   222
 1075   528   518
 1076   437   427
 1077   155   145
 1078   240   230
 1079   721   711
 1080   276   266
 1081   707   697
 1082   805   795
 1083   366   356
 1084   549   539
 1085   444   434
 1086   973   963
 1087   241   231
 1088   935   925
 1089   526   516
 1090   867   857
 1091   923   913
 1092    90    80
 1093   440   430
 1094   196   186
 1095   482   472
 1096   318   308
 1097   820   810
 1098   588   578
 1099   618   608
 1100   920   910
 1101   825   815
 1102   495   485
 1103   899   889
 1104   735   725
 1105   748   738
 1106    67    57
 1107   942   932
 1108   381   371
 1109   517   507
 1110   962   952
 1111    21    11
 1112   177   167
 1113   625   615
 1114   950   940
 1115   686   676
 1116   537   527
 1117   897   887
 1118   373   363
 1119   540   530
 1120    28    18
 1121   806   796
 1122   412   402
 1123   987   977
 1124   494   484
 1125    16     6
 1126   504   494
 1127   134   124
 1128   805   795
 1129    98    88
 1130   607   597
 1131    70    60
 1132   712   702
 1133   523   513
 1134   389   379
 1135   664   654
 1136   831   821
 1137   763   753
 1138   731   721
 1139   524   514
 1140   341   331
 1141   431   421
 1142   386   376
 1143   862   852
 1144  1002   992
 1145   588   578
 1146   516   506
 1147   971   961
 1148   941   931
 1149   740   730
 1150   339   329
 1151   458   448
 1152   775   765
 1153   672   662
 1154   564   554
 1155   724   714
 1156   114   104
 1157   451   441
 1158   739   729
 1159   481   471
 1160   265   255
 1161   862   852
 1162   298   288
 1163   617   607
 1164   217   207
 1165   317   307
 1166   580   570
 1167   267   257
 1168   149   139
 1169   813   803
 1170   355   345
 1171   254   244
 1172   119   109
 1173   128   118
 1174   465   455
 1175   705   695
 1176   522   512
 1177   607   597
 1178   788   778
 1179   441   431
 1180   781   771
 1181   522   512
 1182    35    25
 1183   735   725
 1184  1010  1000
 1185   703   693
 1186   773   763
 1187   195   185
 1188   860   850
 1189   709   699
 1190   177   167
 1191   945   935
 1192   590   580
 1193   548   538
 1194   751   741
 1195   758   748
 1196   121   111
 1197   548   538
 1198   397   387
 1199   375   365
 1200    22    12
 1201   526   516
 1202    62    52
 1203   126   116
 1204   193   183
 1205   618   608
 1206   142   132
 1207   579   569
 1208   566   556
 1209   406   396
 1210   992   982
 1211   819   809
 1212   806   796
 1213   167   157
 1214   440   430
 1215   119   109
 1216   601   591
 1217   951   941
 1218   388   378
 1219   987   977
 1220   847   837
 1221   116   106
 1222   717   707
 1223   385   375
 1224   882   872
 1225   729   719
 1226   804   794
 1227   513   503
 1228   419   409
 1229   307   297
 1230   207   197
 1231   544   534
 1232   421   411
 1233   978   968
 1234   498   488
 1235   763   753
 1236    87    77
 1237   778   768
 1238   290   280
 1239   630   620
 1240   474   464
 1241   117   107
 1242   670   660
 1243   741   731
 1244   874   864
 1245   982   972
 1246   614   604
 1247   269   259
 1248   650   640
 1249   349   339
 1250   269   259
 1251   248   238
 1252   904   894
 1253   650   640
 1254   187   177
 1255   740   730
 1256    31    21
 1257   864   854
 1258   987   977
 1259   495   485
 1260   996   986
 1261   871   861
 1262   764   754
 1263   345   335
 1264   264   254
 1265   917   907
 1266   154   144
 1267   606   596
 1268    83    73
 1269   555   545
 1270   484   474
 1271    63    53
 1272   746   736
 1273   944   934
 1274   216   206
 1275   219   209
 1276   415   405
 1277   660   650
 1278   467   457
 1279   711   701
 1280   559   549
 1281    75    65
 1282   965   955
 1283   423   413
 1284   962   952
 1285    68    58
 1286   856   846
 1287   655   645
 1288   251   241
 1289   788   778
 1290   441   431
 1291    35    25
 1292   198   188
 1293   364   354
 1294    16     6
 1295   568   558
 1296   313   303
 1297   764   754
 1298  1010  1000
 1299   829   819
 1300   299   289
 1301   610   600
 1302   958   948
 1303   609   599
 1304   458   448
 1305   371   361
 1306   332   322
 1307   818   808
 1308   777   767
 1309   813   803
 1310   160   150
 1311   271   261
 1312   525   515
 1313   983   973
 1314   758   748
 1315   211   201
 1316   465   455
 1317   709   699
 1318   320   310
 1319   599   589
 1320   384   374
 1321   859   849
 1322   451   441
 1323   418   408
 1324   991   981
 1325    30    20
 1326   888   878
 1327   103    93
 1328   237   227
 1329   818   808
 1330    94    84
 1331   652   642
 1332   962   952
 1333   179   169
 1334   444   434
 1335   818   808
 1336   789   779
 1337   667   657
 1338   468   458
 1339   430   420
 1340   914   904
 1341   100    90
 1342   411   401
 1343   947   937
 1344   248   238
 1345   339   329
 1346   141   131
 1347   553   543
 1348   697   687
 1349   530   520
 1350   278   268
 1351   854   844
 1352   986   976
 1353   369   359
 1354   267   257
 1355   735   725
 1356   442   432
 1357   104    94
 1358   391   381
 1359   556   546
 1360   472   462
 1361   986   976
 1362   906   896
 1363   869   859
 1364   293   283
 1365   689   679
 1366   755   745
 1367   189   179
 1368   664   654
 1369   587   577
 1370   774   764
 1371   569   559
 1372   944   934
 1373   134   124
 1374   608   598
 1375   381   371
 1376   356   346
 1377   229   219
 1378    39    29
 1379   156   146
 1380   214   204
 1381   615   605
 1382   735   725
 1383   769   759
 1384   327   317
 1385   248   238
 1386   911   901
 1387   391   381
 1388    20    10
 1389   662   652
 1390    66    56
 1391    17     7
 1392   493   483
 1393   522   512
 1394   746   736
 1395   351   341
 1396   126   116
 1397    81    71
 1398   486   476
 1399   821   811
 1400   911   901
 1401   151   141
 1402    60    50
 1403   650   640
 1404   294   284
 1405   199   189
 1406   626   616
 1407  1010  1000
 1408   413   403
 1409   624   614
 1410   646   636
 1411   912   902
 1412   397   387
 1413   999   989
 1414   606   596
 1415   748   738
 1416   825   815
 1417   741   731
 1418   618   608
 1419   253   243
 1420   288   278
 1421   822   812
 1422   437   427
 1423   459   449
 1424   498   488
 1425   846   836
 1426   258   248
 1427   659   649
 1428   515   505
 1429   607   597
 1430   938   928
 1431   864   854
 1432   614   604
 1433   915   905
 1434   836   826
 1435   570   560
 1436   721   711
 1437   714   704
 1438   774   764
 1439   974   964
 1440   734   724
 1441   905   895
 1442   736   726
 1443    26    16
 1444   929   919
 1445   703   693
 1446   256   246
 1447   675   665
 1448   837   827
 1449   109    99
 1450   503   493
 1451   429   419
 1452   786   776
 1453   826   816
 1454   323   313
 1455   686   676
 1456    49    39
 1457   848   838
 1458   270   260
 1459   623   613
 1460   248   238
 1461   294   284
 1462   523   513
 1463   640   630
 1464   576   566
 1465   755   745
 1466   264   254
 1467   623   613
 1468   827   817
 1469   340   330
 1470   591   581
 1471   269   259
 1472   804   794
 1473   490   480
 1474   911   901
 1475   565   555
 1476   991   981
 1477   707   697
 1478   504   494
 1479   938   928
 1480   863   853
 1481   707   697
 1482   620   610
 1483   660   650
 1484   758   748
 1485    39    29
 1486   856   846
 1487   950   940
 1488    71    61
 1489    21    11
 1490   658   648
 1491   951   941
 1492    87    77
 1493   907   897
 1494   100    90
 1495   562   552
 1496   594   584
 1497   875   865
 1498   462   452
 1499   661   651
 1500   642   632
 1501   584   574
 1502   922   912
 1503   891   881
 1504   275   265
 1505  1001   991
 1506   865   855
 1507   862   852
 1508   681   671
 1509   334   324
 1510   171   161
 1511   133   123
 1512   787   777
 1513   611   601
 1514   708   698
 1515   181   171
 1516   537   527
 1517   688   678
 1518   449   439
 1519   631   621
 1520   696   686
 1521   154   144
 1522   450   440
 1523    70    60
 1524    38    28
 1525   642   632
 1526    50    40
 1527   899   889
 1528   856   846
 1529   952   942
 1530   265   255
 1531   791   781
 1532    34    24
 1533   732   722
 1534   723   713
 1535   996   986
 1536   446   436
 1537   144   134
 1538   320   310
 1539   208   198
 1540   333   323
 1541   549   539
 1542   820   810
 1543   399   389
 1544   132   122
 1545   569   559
 1546   922   912
 1547   572   562
 1548    70    60
 1549   514   504
 1550   842   832
 1551   924   914
 1552   831   821
 1553   242   232
 1554    98    88
 1555   240   230
 1556   504   494
 1557   958   948
 1558   168   158
 1559   141   131
 1560   526   516
 1561   341   331
 1562   845   835
 1563   105    95
 1564   213   203
 1565   753   743
 1566   340   330
 1567   339   329
 1568   195   185
 1569   933   923
 1570   922   912
 1571   175   165
 1572   975   965
 1573   140   130
 1574   968   958
 1575   974   964
 1576   615   605
 1577   769   759
 1578   780   770
 1579   726   716
 1580   465   455
 1581   305   295
 1582   870   860
 1583   147   137
 1584   401   391
 1585   473   463
 1586   702   692
 1587   889   879
 1588   274   264
 1589   700   690
 1590   914   904
 1591   405   395
 1592   512   502
 1593   645   635
 1594    93    83
 1595   711   701
 1596   745   735
 1597   910   900
 1598   180   170
 1599   606   596
 1600    52    42
 1601   667   657
 1602   282   272
 1603   624   614
 1604   457   447
 1605    62    52
 1606    59    49
 1607   748   738
 1608   576   566
 1609   696   686
 1610   493   483
 1611   367   357
 1612   358   348
 1613   376   366
 1614   290   280
 1615   647   637
 1616   922   912
 1617   131   121
 1618   602   592
 1619   495   485
 1620   718   708
 1621   600   590
 1622   302   292
 1623   799   789
 1624   401   391
 1625   158   148
 1626   695   685
 1627   702   692
 1628   913   903
 1629   197   187
 1630   565   555
 1631   951   941
 1632   598   588
 1633   846   836
 1634   531   521
 1635   183   173
 1636   321   311
 1637    48    38
 1638    96    86
 1639   463   453
 1640   179   169
 1641   736   726
 1642   817   807
 1643   545   535
 1644   562   552
 1645   988   978
 1646    41    31
 1647   483   473
 1648   662   652
 1649   404   394
 1650   898   888
 1651  1003   993
 1652   722   712
 1653   933   923
 1654   533   523
 1655   126   116
 1656   678   668
 1657   804   794
 1658    22    12
 1659   394   384
 1660   226   216
 1661   243   233
 1662   763   753
 1663   596   586
 1664   524   514
 1665   475   465
 1666   195   185
 1667   174   164
 1668   938   928
 1669   558   548
 1670   587   577
 1671   913   903
 1672   155   145
 1673   471   461
 1674   835   825
 1675   347   337
 1676    88    78
 1677   937   927
 1678   960   950
 1679   556   546
 1680   121   111
 1681   928   918
 1682   587   577
 1683   683   673
 1684   857   847
 1685   648   638
 1686   862   852
 1687   928   918
 1688   811   801
 1689   681   671
 1690   678   668
 1691   478   468
 1692   790   780
 1693   595   585
 1694   147   137
 1695   975   965
 1696   372   362
 1697   900   890
 1698   333   323
 1699   491   481
 1700    17     7
 1701   259   249
 1702   257   247
 1703   223   213
 1704   590   580
 1705   976   966
 1706   929   919
 1707   918   908
 1708   228   218
 1709   826   816
 1710   834   824
 1711   647   637
 1712   990   980
 1713   164   154
 1714   951   941
 1715   426   416
 1716   344   334
 1717   629   619
 1718   874   864
 1719   104    94
 1720   756   746
 1721   938   928
 1722   195   185
 1723   606   596
 1724   331   321
 1725   203   193
 1726   225   215
 1727   853   843
 1728   776   766
 1729   519   509
 1730   365   355
 1731   170   160
 1732   312   302
 1733   780   770
 1734   422   412
 1735   341   331
 1736  1006   996
 1737   207   197
 1738   118   108
 1739   344   334
 1740   883   873
 1741   580   570
 1742   748   738
 1743   126   116
 1744   434   424
 1745   843   833
 1746   947   937
 1747   885   875
 1748   594   584
 1749   343   333
 1750   936   926
 1751    73    63
 1752   804   794
 1753   340   330
 1754   457   447
 1755   335   325
 1756   764   754
 1757   876   866
 1758   696   686
 1759   883   873
 1760   237   227
 1761   758   748
 1762   918   908
 1763   662   652
 1764   501   491
 1765   253   243
 1766   285   275
 1767   191   181
 1768   752   742
 1769   144   134
 1770   910   900
 1771   540   530
 1772   744   734
 1773    75    65
 1774    33    23
 1775   542   532
 1776   113   103
 1777    57    47
 1778   747   737
 1779   831   821
 1780   459   449
 1781   923   913
 1782   530   520
 1783   473   463
 1784   681   671
 1785   634   624
 1786    36    26
 1787   348   338
 1788   766   756
 1789    21    11
 1790   821   811
 1791   547   537
 1792   703   693
 1793   591   581
 1794   878   868
 1795   587   577
 1796   323   313
 1797    33    23
 1798   163   153
 1799    81    71
 1800   119   109
 1801   303   293
 1802   749   739
 1803   415   405
 1804   679   669
 1805   250   240
 1806   262   252
 1807   187   177
 1808   175   165
 1809   346   336
 1810   644   634
 1811   389   379
 1812   783   773
 1813   501   491
 1814   716   706
 1815    18     8
 1816   989   979
 1817   800   790
 1818   816   806
 1819   513   503
 1820   700   690
 1821   312   302
 1822   707   697
 1823   658   648
 1824   306   296
 1825   494   484
 1826   216   206
 1827   638   628
 1828   351   341
 1829   765   755
 1830   179   169
 1831   311   301
 1832   793   783
 1833   801   791
 1834   191   181
 1835    92    82
 1836   717   707
 1837   182   172
 1838   567   557
 1839   737   727
 1840   447   437
 1841   282   272
 1842   376   366
 1843   457   447
 1844   475   465
 1845   104    94
 1846   867   857
 1847   209   199
 1848   205   195
 1849   946   936
 1850   897   887
 1851   171   161
 1852   770   760
 1853   146   136
 1854   190   180
 1855   747   737
 1856    81    71
 1857    69    59
 1858   768   758
 1859   714   704
 1860   892   882
 1861    28    18
 1862   137   127
 1863   628   618
 1864   720   710
 1865   313   303
 1866   576   566
 1867   792   782
 1868   788   778
 1869   258   248
 1870   511   501
 1871   980   970
 1872   951   941
 1873   509   499
 1874   645   635
 1875   354   344
 1876    58    48
 1877    41    31
 1878   706   696
 1879   194   184
 1880   820   810
 1881   572   562
 1882   163   153
 1883   181   171
 1884   364   354
 1885   630   620
 1886   396   386
 1887   460   450
 1888   761   751
 1889   705   695
 1890   610   600
 1891    83    73
 1892   126   116
 1893    28    18
 1894   755   745
 1895   190   180
 1896   361   351
 1897   682   672
 1898    12     2
 1899   406   396
 1900   642   632
 1901   644   634
 1902   418   408
 1903   463   453
 1904   393   383
 1905   856   846
 1906   717   707
 1907   993   983
 1908   736   726
 1909   491   481
 1910   350   340
 1911   698   688
 1912   456   446
 1913   786   776
 1914   634   624
 1915   372   362
 1916   623   613
 1917   649   639
 1918   558   548
 1919   328   318
 1920   286   276
 1921   647   637
 1922   626   616
 1923   742   732
 1924   961   951
 1925    62    52
 1926   658   648
 1927   736   726
 1928   168   158
 1929   882   872
 1930   447   437
 1931   426   416
 1932   563   553
 1933   142   132
 1934  1005   995
 1935   912   902
 1936   130   120
 1937   581   571
 1938   709   699
 1939   245   235
 1940   169   159
 1941   507   497
 1942   683   673
 1943   506   496
 1944   763   753
 1945   641   631
 1946   370   360
 1947   235   225
 1948   270   260
 1949   575   565
 1950   563   553
 1951   194   184
 1952   148   138
 1953   145   135
 1954   620   610
 1955   391   381
 1956   290   280
 1957   209   199
 1958   405   395
 1959   997   987
 1960   176   166
 1961   405   395
 1962   445   435
 1963   433   423
 1964   553   543
 1965   180   170
 1966   764   754
 1967   865   855
 1968   797   787
 1969   418   408
 1970   314   304
 1971   399   389
 1972    42    32
 1973    37    27
 1974   212   202
 1975   193   183
 1976    66    56
 1977   540   530
 1978   239   229
 1979    87    77
 1980   741   731
 1981   203   193
 1982   660   650
 1983   752   742
 1984   158   148
 1985   669   659
 1986   548   538
 1987   696   686
 1988   572   562
 1989    87    77
 1990   237   227
 1991   698   688
 1992   551   541
 1993   309   299
 1994   315   305
 1995   102    92
 1996  1010  1000
 1997   515   505
 1998   402   392
 1999   288   278
 2000   376   366
 2001   234   224
 2002   926   916
 2003   917   907
 2004   454   444
 2005   365   355
 2006   350   340
 2007   394   384
 2008   912   902
 2009   871   861
 2010   325   315
 2011   571   561
 2012   224   214
 2013   682   672
 2014   496   486
 2015   268   258
 2016   530   520
 2017   366   356
 2018   526   516
 2019   192   182
 2020   619   609
 2021   381   371
 2022   441   431
 2023   699   689
 2024   703   693
 2025   983   973
 2026   571   561
 2027   598   588
 2028   601   591
 2029   615   605
 2030   195   185
 2031   367   357
 2032   197   187
 2033   377   367
 2034   751   741
 2035   866   856
 2036   194   184
 2037    62    52
 2038   772   762
 2039   337   327
 2040   371   361
 2041    86    76
 2042   832   822
 2043   915   905
 2044   508   498
 2045   328   318
 2046   201   191
 2047   284   274
 2048   682   672
 2049    33    23
 2050   102    92
 2051   840   830
 2052   179   169
 2053   262   252
 2054    35    25
 2055   157   147
 2056   549   539
 2057   184   174
 2058   810   800
 2059    44    34
 2060   162   152
 2061   492   482
 2062   380   370
 2063   651   641
 2064   777   767
 2065   963   953
 2066   136   126
 2067   979   969
 2068   856   846
 2069   429   419
 2070   354   344
 2071   857   847
 2072   621   611
 2073   757   747
 2074   989   979
 2075   348   338
 2076   924   914
 2077   265   255
 2078   715   705
 2079   290   280
 2080   931   921
 2081   136   126
 2082   856   846
 2083   446   436
 2084   361   351
 2085   112   102
 2086   167   157
 2087   170   160
 2088   205   195
 2089   307   297
 2090   580   570
 2091   709   699
 2092    18     8
 2093   981   971
 2094   713   703
 2095   769   759
 2096   520   510
 2097   845   835
 2098   900   890
 2099    67    57
 2100   878   868
 2101   165   155
 2102   341   331
 2103   544   534
 2104   171   161
 2105   312   302
 2106   286   276
 2107   569   559
 2108   973   963
 2109   672   662
 2110   683   673
 2111    35    25
 2112   488   478
 2113   536   526
 2114    56    46
 2115   941   931
 2116   384   374
 2117   676   666
 2118   570   560
 2119   815   805
 2120   266   256
 2121   444   434
 2122   462   452
 2123   291   281
 2124   468   458
 2125   143   133
 2126   861   851
 2127   435   425
 2128   421   411
 2129   825   815
 2130   737   727
 2131   359   349
 2132   159   149
 2133   251   241
 2134   345   335
 2135    56    46
 2136   577   567
 2137   284   274
 2138    96    86
 2139    30    20
 2140    89    79
 2141   105    95
 2142   500   490
 2143   451   441
 2144   967   957
 2145   382   372
 2146   971   961
 2147    90    80
 2148   244   234
 2149   489   479
 2150   359   349
 2151   423   413
 2152   193   183
 2153   935   925
 2154    90    80
 2155   581   571
 2156   532   522
 2157   549   539
 2158   997   987
 2159    78    68
 2160   830   820
 2161   285   275
 2162   682   672
 2163   674   664
 2164   992   982
 2165   451   441
 2166   129   119
 2167    79    69
 2168   115   105
 2169   907   897
 2170  1007   997
 2171   304   294
 2172   806   796
 2173   642   632
 2174   115   105
 2175    70    60
 2176    74    64
 2177   293   283
 2178   115   105
 2179   488   478
 2180   298   288
 2181   193   183
 2182   643   633
 2183   864   854
 2184   134   124
 2185   736   726
 2186    45    35
 2187   132   122
 2188   783   773
 2189   932   922
 2190   812   802
 2191   830   820
 2192   733   723
 2193   292   282
 2194   666   656
 2195   824   814
 2196   795   785
 2197   777   767
 2198   618   608
 2199   807   797
 2200   436   426
 2201   667   657
 2202   496   486
 2203   995   985
 2204   687   677
 2205   757   747
 2206   788   778
 2207   288   278
 2208   918   908
 2209   961   951
 2210   197   187
 2211   820   810
 2212   509   499
 2213   281   271
 2214   466   456
 2215   797   787
 2216   197   187
 2217   131   121
 2218   436   426
 2219   286   276
 2220   600   590
 2221   136   126
 2222   703   693
 2223   502   492
 2224   399   389
 2225    74    64
 2226   743   733
 2227   990   980
 2228   190   180
 2229   256   246
 2230   919   909
 2231    13     3
 2232   233   223
 2233   439   429
 2234   117   107
 2235   282   272
 2236   625   615
 2237   134   124
 2238   138   128
 2239   700   690
 2240   983   973
 2241   150   140
 2242    53    43
 2243   721   711
 2244   721   711
 2245   132   122
 2246   855   845
 2247    89    79
 2248   442   432
 2249    21    11
 2250   721   711
 2251   511   501
 2252   371   361
 2253   333   323
 2254   585   575
 2255   372   362
 2256   879   869
 2257   467   457
 2258    76    66
 2259   527   517
 2260   973   963
 2261   253   243
 2262   349   339
 2263   285   275
 2264   662   652
 2265   947   937
 2266   884   874
 2267   889   879
 2268   919   909
 2269   426   416
 2270   257   247
 2271   984   974
 2272   768   758
 2273   864   854
 2274   528   518
 2275   867   857
 2276   514   504
 2277    95    85
 2278   895   885
 2279   162   152
 2280   176   166
 2281   713   703
 2282   265   255
 2283   866   856
 2284   300   290
 2285   238   228
 2286    79    69
 2287   563   553
 2288   187   177
 2289   588   578
 2290   109    99
 2291   672   662
 2292   922   912
 2293   403   393
 2294   224   214
 2295   947   937
 2296   463   453
 2297   811   801
 2298   135   125
 2299   580   570
 2300   413   403
 2301    37    27
 2302   295   285
 2303   214   204
 2304   103    93
 2305   284   274
 2306   856   846
 2307   183   173
 2308   221   211
 2309   710   700
 2310   317   307
 2311   722   712
 2312   372   362
 2313   186   176
 2314   897   887
 2315   499   489
 2316   600   590
 2317   144   134
 2318   676   666
 2319    62    52
 2320   813   803
 2321   903   893
 2322   990   980
 2323   796   786
 2324   291   281
 2325   631   621
 2326   722   712
 2327   539   529
 2328   496   486
 2329   660   650
 2330   483   473
 2331   376   366
 2332   167   157
 2333   267   257
 2334   741   731
 2335   132   122
 2336   606   596
 2337   588   578
 2338   794   784
 2339   464   454
 2340   509   499
 2341   372   362
 2342   237   227
 2343    15     5
 2344   506   496
 2345   998   988
 2346    75    65
 2347   463   453
 2348    34    24
 2349   262   252
 2350   597   587
 2351   562   552
 2352   730   720
 2353  1010  1000
 2354   330   320
 2355   807   797
 2356   723   713
 2357   181   171
 2358   314   304
 2359   697   687
 2360   740   730
 2361   409   399
 2362   997   987
 2363   897   887
 2364   969   959
 2365   135   125
 2366   417   407
 2367   852   842
 2368   754   744
 2369   694   684
 2370   515   505
 2371   163   153
 2372   454   444
 2373   655   645
 2374   669   659
 2375    59    49
 2376    46    36
 2377   977   967
 2378   149   139
 2379   401   391
 2380    22    12
 2381   917   907
 2382   822   812
 2383   668   658
 2384   358   348
 2385   296   286
 2386   919   909
 2387   926   916
 2388   455   445
 2389   888   878
 2390   986   976
 2391   272   262
 2392    16     6
 2393   349   339
 2394   984   974
 2395   697   687
 2396   192   182
 2397   726   716
 2398   511   501
 2399   211   201
 2400   894   884
 2401   349   339
 2402   709   699
 2403    35    25
 2404   397   387
 2405   928   918
 2406   238   228
 2407    59    49
 2408    27    17
 2409   613   603
 2410   201   191
 2411   885   875
 2412   849   839
 2413   393   383
 2414   706   696
 2415   686   676
 2416    52    42
 2417   893   883
 2418   328   318
 2419   820   810
 2420   569   559
 2421   725   715
 2422   806   796
 2423   950   940
 2424   976   966
 2425   606   596
 2426   183   173
 2427   791   781
 2428   463   453
 2429   332   322
 2430   242   232
 2431   166   156
 2432   944   934
 2433   117   107
 2434   990   980
 2435   741   731
 2436   885   875
 2437   134   124
 2438    86    76
 2439   995   985
 2440   983   973
 2441   303   293
 2442    77    67
 2443    32    22
 2444   709   699
 2445   741   731
 2446   837   827
 2447   445   435
 2448   578   568
 2449   413   403
 2450    81    71
 2451   238   228
 2452   319   309
 2453   168   158
 2454   667   657
 2455  1005   995
 2456   920   910
 2457   223   213
 2458   936   926
 2459   156   146
 2460   811   801
 2461   180   170
 2462   175   165
 2463   943   933
 2464   850   840
 2465   474   464
 2466   200   190
 2467    83    73
 2468   594   584
 2469   219   209
 2470   513   503
 2471   647   637
 2472   996   986
 2473   708   698
 2474   516   506
 2475   838   828
 2476   240   230
 2477   726   716
 2478   660   650
 2479   885   875
 2480   186   176
 2481   500   490
 2482   286   276
 2483   271   261
 2484   501   491
 2485   876   866
 2486   477   467
 2487   211   201
 2488   419   409
 2489   780   770
 2490   437   427
 2491    54    44
 2492    55    45
 2493   443   433
 2494   809   799
 2495   611   601
 2496   201   191
 2497   721   711
 2498   385   375
 2499   748   738
 2500   776   766
 2501   659   649
 2502   419   409
 2503   131   121
 2504    31    21
 2505   799   789
 2506    25    15
 2507   249   239
 2508   710   700
 2509   520   510
 2510   827   817
 2511   762   752
 2512   633   623
 2513   199   189
 2514   643   633
 2515   739   729
 2516   957   947
 2517   206   196
 2518   335   325
 2519   442   432
 2520   302   292
 2521   186   176
 2522   404   394
 2523   705   695
 2524   135   125
 2525   733   723
 2526   877   867
 2527   430   420
 2528   273   263
 2529   172   162
 2530   811   801
 2531   873   863
 2532   940   930
 2533   276   266
 2534   398   388
 2535   786   776
 2536   755   745
 2537   116   106
 2538   162   152
 2539   695   685
 2540   249   239
 2541    31    21
 2542   645   635
 2543    96    86
 2544   154   144
 2545   744   734
 2546    60    50
 2547   951   941
 2548   629   619
 2549   266   256
 2550   326   316
 2551   647   637
 2552   285   275
 2553   835   825
 2554   960   950
 2555   960   950
 2556   999   989
 2557   125   115
 2558   631   621
 2559   915   905
 2560   502   492
 2561   849   839
 2562   404   394
 2563   264   254
 2564   249   239
 2565   472   462
 2566   137   127
 2567   618   608
 2568   246   236
 2569   207   197
 2570   138   128
 2571    20    10
 2572   679   669
 2573   878   868
 2574   479   469
 2575   899   889
 2576    99    89
 2577    85    75
 2578   717   707
 2579   663   653
 2580   400   390
 2581   195   185
 2582   565   555
 2583   398   388
 2584   380   370
 2585   533   523
 2586   244   234
 2587   679   669
 2588   411   401
 2589   736   726
 2590   257   247
 2591   592   582
 2592   523   513
 2593   731   721
 2594   654   644
 2595   709   699
 2596   699   689
 2597   811   801
 2598   398   388
 2599   550   540
 2600   370   360
 2601   948   938
 2602   652   642
 2603   875   865
 2604   900   890
 2605   609   599
 2606   860   850
 2607   102    92
 2608   206   196
 2609   777   767
 2610   683   673
 2611   349   339
 2612   611   601
 2613   382   372
 2614   120   110
 2615   443   433
 2616   111   101
 2617   459   449
 2618   398   388
 2619   602   592
 2620   200   190
 2621   593   583
 2622   562   552
 2623   128   118
 2624   245   235
 2625   598   588
 2626   663   653
 2627   803   793
 2628   215   205
 2629   995   985
 2630   961   951
 2631   969   959
 2632   372   362
 2633   632   622
 2634   766   756
 2635   592   582
 2636   170   160
 2637    30    20
 2638   848   838
 2639   727   717
 2640   336   326
 2641   512   502
 2642   888   878
 2643   951   941
 2644   560   550
 2645   551   541
 2646   653   643
 2647   410   400
 2648   433   423
 2649   753   743
 2650   697   687
 2651   918   908
 2652   697   687
 2653   861   851
 2654   572   562
 2655   446   436
 2656   424   414
 2657   934   924
 2658   570   560
 2659   678   668
 2660    40    30
 2661   738   728
 2662   167   157
 2663    24    14
 2664   360   350
 2665   141   131
 2666   363   353
 2667   248   238
 2668   503   493
 2669   183   173
 2670   401   391
 2671   408   398
 2672   669   659
 2673   574   564
 2674   385   375
 2675  1001   991
 2676    69    59
 2677   921   911
 2678   109    99
 2679   279   269
 2680   839   829
 2681   555   545
 2682   137   127
 2683   311   301
 2684   651   641
 2685   808   798
 2686   491   481
 2687   272   262
 2688   376   366
 2689    39    29
 2690   330   320
 2691    67    57
 2692   386   376
 2693   436   426
 2694   980   970
 2695   400   390
 2696   577   567
 2697   113   103
 2698   223   213
 2699   326   316
 2700   726   716
 2701   688   678
 2702   608   598
 2703   903   893
 2704   873   863
 2705   912   902
 2706   658   648
 2707   134   124
 2708   469   459
 2709   393   383
 2710   255   245
 2711   358   348
 2712   125   115
 2713   805   795
 2714   506   496
 2715   840   830
 2716    72    62
 2717   678   668
 2718    52    42
 2719    48    38
 2720   552   542
 2721   942   932
 2722   213   203
 2723   941   931
 2724   217   207
 2725   830   820
 2726   331   321
 2727   531   521
 2728    12     2
 2729   287   277
 2730   950   940
 2731   895   885
 2732   451   441
 2733   319   309
 2734   972   962
 2735   646   636
 2736   511   501
 2737   280   270
 2738   535   525
 2739   530   520
 2740   557   547
 2741    67    57
 2742   812   802
 2743   426   416
 2744   519   509
 2745   892   882
 2746   680   670
 2747   653   643
 2748   182   172
 2749   578   568
 2750   619   609
 2751   347   337
 2752   902   892
 2753   485   475
 2754   534   524
 2755   464   454
 2756   410   400
 2757  1004   994
 2758   616   606
 2759   934   924
 2760   454   444
 2761   587   577
 2762   572   562
 2763   694   684
 2764   187   177
 2765   206   196
 2766   311   301
 2767   362   352
 2768   348   338
 2769   228   218
 2770   837   827
 2771   490   480
 2772   160   150
 2773   738   728
 2774   947   937
 2775   441   431
 2776   761   751
 2777   578   568
 2778   839   829
 2779   875   865
 2780   313   303
 2781  1009   999
 2782   395   385
 2783   197   187
 2784   380   370
 2785   530   520
 2786   449   439
 2787   217   207
 2788   488   478
 2789   730   720
 2790   584   574
 2791   893   883
 2792   856   846
 2793    41    31
 2794   149   139
 2795   647   637
 2796    57    47
 2797   681   671
 2798   693   683
 2799   927   917
 2800   100    90
 2801   295   285
 2802   510   500
 2803   849   839
 2804   866   856
 2805   715   705
 2806   421   411
 2807   269   259
 2808   390   380
 2809   357   347
 2810   634   624
 2811   197   187
 2812   667   657
 2813   590   580
 2814    65    55
 2815   330   320
 2816   278   268
 2817   376   366
 2818   849   839
 2819   323   313
 2820   127   117
 2821   987   977
 2822   327   317
 2823   620   610
 2824    97    87
 2825   445   435
 2826   381   371
 2827   527   517
 2828   473   463
 2829   997   987
 2830   507   497
 2831   345   335
 2832   723   713
 2833   901   891
 2834   215   205
 2835   555   545
 2836   199   189
 2837   233   223
 2838   441   431
 2839   755   745
 2840   819   809
 2841    80    70
 2842   935   925
 2843   999   989
 2844   594   584
 2845   478   468
 2846   984   974
 2847   414   404
 2848   242   232
 2849   171   161
 2850   652   642
 2851   987   977
 2852   555   545
 2853   396   386
 2854   712   702
 2855   759   749
 2856   524   514
 2857   100    90
 2858   344   334
 2859   249   239
 2860   135   125
 2861   630   620
 2862   988   978
 2863    44    34
 2864   524   514
 2865    26    16
 2866   413   403
 2867   925   915
 2868   748   738
 2869    74    64
 2870   657   647
 2871   160   150
 2872   532   522
 2873   807   797
 2874   569   559
 2875   246   236
 2876   385   375
 2877    93    83
 2878    92    82
 2879   957   947
 2880   386   376
 2881   120   110
 2882   133   123
 2883   420   410
 2884    57    47
 2885   481   471
 2886    32    22
 2887   801   791
 2888   212   202
 2889   273   263
 2890   338   328
 2891   850   840
 2892   456   446
 2893   408   398
 2894   125   115
 2895   404   394
 2896   493   483
 2897   986   976
 2898   978   968
 2899    91    81
 2900   196   186
 2901   736   726
 2902   121   111
 2903   230   220
 2904   444   434
 2905   862   852
 2906    21    11
 2907   262   252
 2908   908   898
 2909    70    60
 2910   459   449
 2911   611   601
 2912  1004   994
 2913   993   983
 2914   288   278
 2915   611   601
 2916   876   866
 2917   589   579
 2918   850   840
 2919   832   822
 2920   550   540
 2921   695   685
 2922   215   205
 2923   973   963
 2924   183   173
 2925    54    44
 2926    42    32
 2927    93    83
 2928    88    78
 2929   994   984
 2930    44    34
 2931   591   581
 2932    43    33
 2933   391   381
 2934   494   484
 2935   626   616
 2936   289   279
 2937   978   968
 2938    53    43
 2939   513   503
 2940  1008   998
 2941   622   612
 2942   406   396
 2943   627   617
 2944   650   640
 2945   171   161
 2946   721   711
 2947   803   793
 2948   473   463
 2949   893   883
 2950   571   561
 2951   166   156
 2952   782   772
 2953   652   642
 2954   259   249
 2955   574   564
 2956   960   950
 2957   125   115
 2958   846   836
 2959    98    88
 2960   410   400
 2961   244   234
 2962   997   987
 2963   359   349
 2964   829   819
 2965   764   754
 2966    60    50
 2967   976   966
 2968   157   147
 2969   101    91
 2970   462   452
 2971   565   555
 2972   528   518
 2973   681   671
 2974   268   258
 2975   763   753
 2976   608   598
 2977   555   545
 2978   516   506
 2979   136   126
 2980   138   128
 2981   476   466
 2982   158   148
 2983   505   495
 2984   199   189
 2985   780   770
 2986   914   904
 2987   674   664
 2988   320   310
 2989   681   671
 2990   621   611
 2991    57    47
 2992    46    36
 2993   598   588
 2994    75    65
 2995   991   981
 2996    55    45
 2997   739   729
 2998   182   172
 2999   756   746
 3000   685   675
755098